2023-03-03-04:34:01.517-UTC 63.40 63.67 64.13 63.94 61.73 63.15 65.33 63.67
2023-03-03-04:34:01.678-UTC 63.40 63.67 64.13 63.94 61.73 63.15 65.26 63.67
2023-03-03-04:34:01.839-UTC 63.40 63.67 63.81 63.94 61.73 63.15 65.33 63.34
2023-03-03-04:34:01.999-UTC 63.40 63.67 64.13 63.94 61.73 63.15 65.26 63.34
2023-03-03-04:34:02.163-UTC 63.40 63.67 63.81 63.94 61.40 63.15 65.26 63.67
2023-03-03-04:34:02.320-UTC 63.40 63.67 64.13 63.94 61.73 63.15 65.26 63.67
2023-03-03-04:34:02.479-UTC 63.40 63.67 64.13 63.94 61.73 63.15 65.33 63.67
2023-03-03-04:34:02.636-UTC 63.40 63.67 64.13 63.94 61.73 63.15 65.26 63.34
2023-03-03-04:34:02.793-UTC 63.40 63.67 64.13 63.94 61.73 63.15 65.33 63.67
2023-03-03-04:34:02.953-UTC 63.40 63.67 64.13 63.94 61.73 63.15 65.26 63.67
2023-03-03-04:34:03.110-UTC 63.40 63.67 64.13 63.94 61.73 63.15 65.26 63.34
2023-03-03-04:34:03.270-UTC 63.40 63.67 64.13 63.94 61.73 63.15 65.26 63.73
2023-03-03-04:34:03.429-UTC 63.40 63.67 64.13 63.94 61.73 63.15 65.33 63.67
2023-03-03-04:34:03.590-UTC 63.40 63.67 64.13 63.94 61.73 63.15 65.26 63.67
2023-03-03-04:34:03.748-UTC 63.67 63.67 64.13 63.94 61.73 63.15 65.26 63.67
2023-03-03-04:34:03.904-UTC 63.40 63.67 63.81 63.94 61.73 63.15 65.26 63.67
2023-03-03-04:34:04.061-UTC 63.40 63.67 64.13 63.94 61.73 63.15 65.26 63.67
2023-03-03-04:34:04.221-UTC 63.67 63.67 63.81 63.94 61.73 63.15 65.26 63.67
2023-03-03-04:34:04.378-UTC 63.40 63.67 64.13 63.94 61.73 63.15 65.33 63.67
2023-03-03-04:34:04.537-UTC 63.40 63.67 63.81 63.94 61.73 63.15 65.33 63.67
2023-03-03-04:34:04.695-UTC 63.40 63.67 63.81 63.94 61.73 63.15 65.33 63.67
2023-03-03-04:34:04.850-UTC 63.40 63.67 63.81 63.94 61.73 63.15 65.33 63.67
2023-03-03-04:34:05.011-UTC 63.40 63.67 63.81 63.94 61.40 63.15 65.26 63.67
2023-03-03-04:34:05.168-UTC 63.40 63.67 63.81 63.94 61.73 63.15 65.26 63.67
2023-03-03-04:34:05.326-UTC 63.40 63.67 64.13 63.94 61.73 63.15 65.26 63.34
2023-03-03-04:34:05.486-UTC 63.40 63.67 63.81 63.94 61.73 63.15 65.26 63.67
2023-03-03-04:34:05.642-UTC 63.40 63.67 64.13 63.94 61.73 63.15 65.26 63.34
2023-03-03-04:34:05.798-UTC 63.40 63.67 63.81 63.94 61.73 63.15 65.26 63.67
2023-03-03-04:34:05.961-UTC 63.40 63.67 63.81 63.94 61.73 63.15 65.33 63.67
2023-03-03-04:34:06.121-UTC 63.40 63.67 64.13 63.94 61.73 63.15 65.26 63.67
2023-03-03-04:34:06.277-UTC 63.40 63.67 64.13 63.94 61.73 63.15 65.26 63.67
2023-03-03-04:34:06.437-UTC 63.40 63.67 63.81 63.94 61.73 63.15 65.26 63.67
2023-03-03-04:34:06.598-UTC 63.40 63.67 63.81 63.94 61.73 63.15 65.26 63.67
2023-03-03-04:34:06.756-UTC 63.40 63.67 63.81 63.94 61.73 63.15 65.26 63.34
2023-03-03-04:34:06.914-UTC 63.40 63.67 63.81 63.94 61.73 63.15 65.33 63.67
2023-03-03-04:34:07.075-UTC 63.40 63.67 63.81 63.94 61.40 63.15 65.33 63.34
2023-03-03-04:34:07.237-UTC 63.40 63.67 63.81 63.94 61.73 63.15 65.26 63.67
2023-03-03-04:34:07.397-UTC 63.40 63.67 64.13 63.94 61.73 63.15 65.26 63.34
2023-03-03-04:34:07.555-UTC 63.40 63.67 63.81 63.94 61.40 63.15 65.26 63.67
2023-03-03-04:34:07.713-UTC 63.40 63.67 64.13 63.94 61.73 63.15 65.26 63.67
2023-03-03-04:34:07.870-UTC 63.40 63.67 63.81 63.94 61.40 63.15 65.26 63.67
2023-03-03-04:34:08.026-UTC 63.40 63.67 63.81 63.94 61.73 63.15 65.26 63.73
2023-03-03-04:34:08.187-UTC 63.40 63.67 63.81 63.94 61.73 63.15 65.26 63.41
2023-03-03-04:34:08.348-UTC 63.40 63.67 63.81 63.94 61.73 63.15 65.33 63.73
2023-03-03-04:34:08.509-UTC 63.40 63.67 64.13 63.94 61.73 63.15 65.33 63.73
2023-03-03-04:34:08.665-UTC 63.40 63.67 63.81 63.94 61.73 63.15 65.33 63.34
2023-03-03-04:34:08.823-UTC 63.40 63.67 63.81 63.94 61.73 63.15 65.33 63.67
2023-03-03-04:34:08.979-UTC 63.40 63.67 63.81 63.94 61.73 63.15 65.26 63.34
2023-03-03-04:34:09.138-UTC 63.40 63.67 63.81 63.94 61.73 63.15 65.26 63.67
2023-03-03-04:34:09.298-UTC 63.40 63.67 63.81 63.94 61.40 63.15 65.26 63.67
2023-03-03-04:34:09.454-UTC 63.40 63.67 63.81 63.94 61.40 63.15 65.33 63.34
2023-03-03-04:34:09.610-UTC 63.40 63.67 64.13 63.94 61.73 63.15 65.26 63.67
2023-03-03-04:34:09.767-UTC 63.40 63.67 63.81 63.94 61.73 63.15 65.33 63.34
2023-03-03-04:34:09.925-UTC 63.40 63.67 64.13 63.94 61.73 63.15 65.26 63.67
2023-03-03-04:34:10.083-UTC 63.40 63.67 63.81 63.94 61.73 63.15 65.33 63.67
2023-03-03-04:34:10.240-UTC 63.40 63.67 63.81 63.94 61.73 63.15 65.26 63.73
2023-03-03-04:34:10.400-UTC 63.40 63.67 63.81 63.94 61.73 63.15 65.26 63.67
2023-03-03-04:34:10.558-UTC 63.40 63.67 63.81 63.94 61.73 63.15 65.26 63.67
2023-03-03-04:34:10.716-UTC 63.40 63.67 63.81 63.94 61.73 63.15 65.26 63.67
2023-03-03-04:34:10.873-UTC 63.40 63.67 63.81 63.94 61.73 63.15 65.26 63.34
2023-03-03-04:34:11.037-UTC 63.40 63.67 63.81 63.94 61.73 63.15 65.26 63.67
2023-03-03-04:34:11.196-UTC 63.40 63.67 63.81 63.94 61.40 63.15 65.33 63.34
2023-03-03-04:34:11.356-UTC 63.40 63.67 63.81 63.94 61.73 63.15 65.26 63.67
2023-03-03-04:34:11.511-UTC 63.40 63.67 63.81 63.94 61.73 63.15 65.26 63.34
2023-03-03-04:34:11.667-UTC 63.40 63.67 63.81 63.94 61.40 63.15 65.33 63.34
2023-03-03-04:34:11.825-UTC 63.40 63.67 63.81 63.94 61.40 63.15 65.33 63.34
2023-03-03-04:34:11.982-UTC 63.40 63.67 63.81 63.94 61.73 63.15 65.33 63.41
2023-03-03-04:34:12.142-UTC 63.40 63.67 63.81 63.94 61.73 63.15 65.26 63.67
2023-03-03-04:34:12.303-UTC 63.40 63.67 63.81 63.94 61.73 63.15 65.26 63.34
2023-03-03-04:34:12.462-UTC 63.40 63.67 63.81 63.94 61.40 63.15 65.33 63.73
2023-03-03-04:34:12.622-UTC 63.40 63.67 63.81 63.94 61.40 63.15 65.26 63.67
2023-03-03-04:34:12.776-UTC 63.40 63.67 63.81 63.94 61.73 63.15 65.26 63.34
2023-03-03-04:34:12.933-UTC 63.40 63.67 64.13 63.94 61.73 63.15 65.26 63.67
2023-03-03-04:34:13.094-UTC 63.40 63.67 63.81 63.94 61.40 63.15 65.26 63.34
2023-03-03-04:34:13.252-UTC 63.40 63.67 63.81 63.94 61.73 63.15 65.33 63.34
2023-03-03-04:34:13.412-UTC 63.40 63.67 63.81 63.94 61.73 63.15 65.26 63.34
2023-03-03-04:34:13.570-UTC 63.40 63.67 63.81 63.94 61.73 63.15 65.33 63.34
2023-03-03-04:34:13.728-UTC 63.40 63.67 63.81 63.94 61.73 63.15 65.33 63.67
2023-03-03-04:34:13.884-UTC 63.40 63.67 63.81 63.94 61.73 63.15 65.26 63.34
2023-03-03-04:34:14.043-UTC 63.40 63.67 63.81 63.94 61.73 63.15 65.33 63.41
2023-03-03-04:34:14.204-UTC 63.40 63.67 63.81 63.94 61.40 63.15 65.26 63.34
2023-03-03-04:34:14.364-UTC 63.40 63.67 63.81 63.94 61.40 63.15 65.26 63.34
2023-03-03-04:34:14.522-UTC 63.40 63.67 63.81 63.94 61.73 63.15 65.33 63.34
2023-03-03-04:34:14.678-UTC 63.40 63.67 63.81 63.94 61.73 63.15 65.26 63.67
2023-03-03-04:34:14.833-UTC 63.67 63.67 63.81 63.94 61.73 63.15 65.33 63.34
2023-03-03-04:34:14.989-UTC 63.40 63.67 63.81 63.94 61.40 63.15 65.33 63.34
2023-03-03-04:34:15.147-UTC 63.40 63.67 63.81 63.94 61.73 63.15 65.26 63.34
2023-03-03-04:34:15.306-UTC 63.40 63.67 63.81 63.94 61.73 63.15 65.33 63.34
2023-03-03-04:34:15.463-UTC 63.40 63.67 63.81 63.94 61.40 63.15 65.33 63.34
2023-03-03-04:34:15.623-UTC 63.40 63.67 63.81 63.94 61.73 63.15 65.33 63.34
2023-03-03-04:34:15.779-UTC 63.40 63.67 63.81 63.94 61.73 63.15 65.33 63.34
2023-03-03-04:34:15.936-UTC 63.40 63.67 63.81 63.94 61.73 63.15 65.26 63.34
2023-03-03-04:34:16.096-UTC 63.40 63.67 63.81 63.94 61.40 63.15 65.26 63.67
2023-03-03-04:34:16.255-UTC 63.40 63.67 63.81 63.94 61.40 63.15 65.26 63.34
2023-03-03-04:34:16.411-UTC 63.40 63.67 63.81 63.94 61.40 63.15 65.26 63.67
2023-03-03-04:34:16.569-UTC 63.40 63.67 63.81 63.94 61.40 63.15 65.33 63.34
2023-03-03-04:34:16.730-UTC 63.40 63.67 63.81 63.94 61.40 63.15 65.26 63.34
2023-03-03-04:34:16.888-UTC 63.40 63.67 63.81 63.94 61.73 63.15 65.26 63.34
2023-03-03-04:34:17.044-UTC 63.40 63.67 63.81 63.94 61.73 63.15 65.33 63.67
2023-03-03-04:34:17.204-UTC 63.40 63.67 63.81 63.94 61.40 63.15 65.33 63.34
2023-03-03-04:34:17.363-UTC 63.40 63.67 63.81 63.94 61.40 63.15 65.26 63.34
2023-03-03-04:34:17.521-UTC 63.40 63.67 63.81 63.94 61.40 63.15 65.33 63.34
2023-03-03-04:34:17.678-UTC 63.40 63.67 63.81 63.94 61.73 63.15 65.26 63.34
2023-03-03-04:34:17.835-UTC 63.40 63.67 63.81 63.94 61.40 63.15 65.26 63.34
2023-03-03-04:34:17.991-UTC 63.40 63.67 63.81 63.94 61.40 63.15 65.33 63.34
2023-03-03-04:34:18.151-UTC 63.40 63.67 63.81 63.94 61.40 63.15 65.33 63.34
2023-03-03-04:34:18.314-UTC 63.40 63.67 63.81 63.94 61.40 63.15 65.26 63.34
2023-03-03-04:34:18.473-UTC 63.40 63.67 63.81 63.94 61.73 63.15 65.33 63.41
2023-03-03-04:34:18.635-UTC 63.40 63.67 63.81 63.94 61.40 63.15 65.33 63.34
2023-03-03-04:34:18.796-UTC 63.40 63.67 63.81 63.94 61.40 63.15 65.33 63.34
2023-03-03-04:34:18.956-UTC 63.40 63.67 63.81 63.94 61.40 63.15 65.33 63.34
2023-03-03-04:34:19.115-UTC 63.40 63.67 63.81 63.94 61.73 63.15 65.26 63.73
2023-03-03-04:34:19.275-UTC 63.40 63.67 63.81 63.94 61.40 63.15 65.26 63.34
2023-03-03-04:34:19.431-UTC 63.40 63.67 63.81 63.94 61.40 63.15 65.26 63.34
2023-03-03-04:34:19.588-UTC 63.40 63.67 63.81 63.94 61.40 63.15 65.26 63.34
2023-03-03-04:34:19.746-UTC 63.40 63.67 63.81 63.94 61.40 63.15 65.26 63.34
2023-03-03-04:34:19.904-UTC 63.40 63.67 63.81 63.94 61.40 63.15 65.26 63.34
2023-03-03-04:34:20.062-UTC 63.40 63.67 63.81 63.94 61.40 63.15 65.26 63.34
2023-03-03-04:34:20.221-UTC 63.40 63.67 63.81 63.94 61.40 63.15 65.26 63.34
2023-03-03-04:34:20.378-UTC 63.40 63.67 63.81 63.94 61.73 63.15 65.26 63.67
2023-03-03-04:34:20.535-UTC 63.40 63.67 63.81 63.94 61.40 63.15 65.33 63.34
2023-03-03-04:34:20.693-UTC 63.40 63.67 63.81 63.94 61.40 63.15 65.33 63.34
2023-03-03-04:34:20.852-UTC 63.40 63.67 63.81 63.94 61.40 63.15 65.33 63.34
2023-03-03-04:34:21.008-UTC 63.40 63.67 63.81 63.94 61.40 63.15 65.26 63.34
2023-03-03-04:34:21.169-UTC 63.40 63.67 63.81 63.94 61.40 63.15 65.26 63.34
2023-03-03-04:34:21.331-UTC 63.40 63.67 63.81 63.94 61.47 63.15 65.26 63.41
2023-03-03-04:34:21.493-UTC 63.40 63.67 63.81 63.94 61.40 63.15 65.26 63.34
2023-03-03-04:34:21.652-UTC 63.40 63.67 63.81 63.94 61.40 63.15 65.33 63.34
2023-03-03-04:34:21.808-UTC 63.40 63.67 63.81 63.94 61.40 63.15 65.26 63.34
2023-03-03-04:34:21.965-UTC 63.40 63.67 63.81 63.94 61.40 63.15 65.33 63.41
2023-03-03-04:34:22.138-UTC 63.40 63.67 63.81 63.94 61.40 63.15 65.33 63.41
2023-03-03-04:34:22.296-UTC 63.40 63.67 63.81 63.94 61.73 63.15 65.26 63.34
2023-03-03-04:34:22.455-UTC 63.40 63.67 63.81 63.94 61.40 63.15 65.33 63.34
2023-03-03-04:34:22.612-UTC 63.40 63.67 63.81 63.94 61.40 63.15 65.26 63.34
2023-03-03-04:34:22.769-UTC 63.40 63.67 63.81 63.94 61.40 63.15 65.33 63.34
2023-03-03-04:34:22.925-UTC 63.40 63.67 63.81 63.94 61.73 63.15 65.33 63.34
2023-03-03-04:34:23.086-UTC 63.40 63.67 63.81 63.94 61.40 63.15 65.26 63.41
2023-03-03-04:34:23.247-UTC 63.40 63.67 63.81 63.94 61.73 63.15 65.33 63.34
2023-03-03-04:34:23.407-UTC 63.40 63.67 63.81 63.94 61.73 63.15 65.26 63.34
2023-03-03-04:34:23.568-UTC 63.40 63.67 63.81 63.94 61.40 63.15 65.26 63.34
2023-03-03-04:34:23.724-UTC 63.40 63.67 63.81 63.94 61.40 63.15 65.33 63.34
2023-03-03-04:34:23.882-UTC 63.40 63.67 63.81 63.94 61.40 63.15 65.33 63.34
2023-03-03-04:34:24.039-UTC 63.40 63.67 63.81 63.94 61.40 63.15 65.33 63.34
2023-03-03-04:34:24.196-UTC 63.40 63.67 63.81 63.94 61.40 63.15 65.26 63.34
2023-03-03-04:34:24.353-UTC 63.40 63.67 63.81 63.94 61.73 63.15 65.26 63.34
2023-03-03-04:34:24.512-UTC 63.40 63.67 63.81 63.94 61.40 63.15 65.33 63.34
2023-03-03-04:34:24.675-UTC 63.40 63.67 63.81 63.94 61.40 63.15 65.33 63.34
2023-03-03-04:34:24.837-UTC 63.40 63.67 63.81 63.94 61.40 63.15 65.26 63.34
2023-03-03-04:34:24.995-UTC 63.40 63.67 63.81 63.94 61.40 63.15 65.26 63.34
2023-03-03-04:34:25.156-UTC 63.40 63.67 63.81 63.94 61.40 63.15 65.26 63.34
2023-03-03-04:34:25.316-UTC 63.40 63.67 63.81 63.94 61.40 63.15 65.26 63.34
2023-03-03-04:34:25.471-UTC 63.40 63.67 63.81 63.94 61.40 63.15 65.33 63.34
2023-03-03-04:34:25.630-UTC 63.40 63.67 63.81 63.94 61.40 63.15 65.26 63.34
2023-03-03-04:34:25.787-UTC 63.40 63.67 63.81 63.94 61.40 63.15 65.33 63.34
2023-03-03-04:34:25.943-UTC 63.40 63.67 63.81 63.94 61.40 63.15 65.33 63.41
2023-03-03-04:34:26.102-UTC 63.40 63.67 63.81 63.94 61.40 63.15 65.33 63.34
2023-03-03-04:34:26.262-UTC 63.40 63.67 63.81 63.94 61.40 63.15 65.26 63.34
2023-03-03-04:34:26.421-UTC 63.40 63.67 63.81 63.94 61.40 63.15 65.26 63.34
2023-03-03-04:34:26.579-UTC 63.40 63.67 63.81 63.94 61.40 63.15 65.26 63.34
2023-03-03-04:34:26.736-UTC 63.40 63.67 63.81 63.94 61.40 63.15 65.26 63.34
2023-03-03-04:34:26.896-UTC 63.40 63.67 63.81 63.94 61.40 63.15 65.26 63.34
2023-03-03-04:34:27.055-UTC 63.40 63.67 63.81 63.94 61.40 63.15 65.33 63.34
2023-03-03-04:34:27.213-UTC 63.40 63.67 63.81 63.94 61.40 63.15 65.26 63.34
2023-03-03-04:34:27.370-UTC 63.40 63.67 63.81 63.94 61.40 63.15 65.33 63.34
2023-03-03-04:34:27.528-UTC 63.40 63.67 63.81 63.94 61.40 63.15 65.33 63.34
2023-03-03-04:34:27.689-UTC 63.40 63.67 63.81 63.94 61.40 63.15 65.33 63.34
2023-03-03-04:34:27.852-UTC 63.40 63.67 63.81 63.94 61.40 63.15 65.26 63.41
2023-03-03-04:34:28.012-UTC 63.40 63.67 63.81 63.94 61.40 63.15 65.33 63.34
2023-03-03-04:34:28.173-UTC 63.40 63.67 63.81 63.94 61.40 63.15 65.26 63.34
2023-03-03-04:34:28.333-UTC 63.40 63.67 63.81 63.94 61.40 63.15 65.26 63.34
2023-03-03-04:34:28.496-UTC 63.40 63.67 63.81 63.94 61.40 63.15 65.26 63.34
2023-03-03-04:34:28.655-UTC 63.40 63.67 63.81 63.94 61.40 63.15 65.26 63.34
2023-03-03-04:34:28.813-UTC 63.40 63.67 63.81 63.94 61.40 63.15 65.26 63.34
2023-03-03-04:34:28.969-UTC 63.40 63.67 63.81 63.94 61.40 63.15 65.33 63.34
2023-03-03-04:34:29.135-UTC 63.40 63.67 63.81 63.94 61.40 63.15 65.26 63.34
2023-03-03-04:34:29.327-UTC 63.40 63.67 63.81 63.94 61.40 63.15 65.33 63.34
2023-03-03-04:34:29.534-UTC 63.40 63.67 63.81 63.94 61.40 63.15 65.26 63.34
2023-03-03-04:34:29.733-UTC 63.40 63.67 63.81 63.94 61.73 63.15 65.33 63.34
2023-03-03-04:34:29.931-UTC 63.40 63.67 63.81 63.94 61.40 63.15 65.26 63.34
2023-03-03-04:34:30.131-UTC 70.35 69.44 67.17 63.94 66.27 63.15 68.58 68.51
2023-03-03-04:34:31.927-UTC 70.35 69.44 67.17 63.94 66.27 63.15 68.58 68.79
2023-03-03-04:34:32.102-UTC 70.61 69.44 67.17 63.94 66.27 63.15 68.65 68.51
2023-03-03-04:34:32.253-UTC 64.00 69.44 67.17 63.94 66.27 63.15 68.58 68.79
2023-03-03-04:34:32.406-UTC 63.40 65.19 67.17 63.94 66.27 63.15 68.58 68.79
2023-03-03-04:34:32.560-UTC 63.40 63.67 63.81 63.94 66.27 63.15 68.65 68.79
2023-03-03-04:34:32.782-UTC 63.40 63.67 63.81 63.94 66.27 63.15 68.65 68.79
2023-03-03-04:34:32.939-UTC 63.40 63.67 63.81 63.94 61.73 63.15 68.58 68.79
2023-03-03-04:34:33.098-UTC 63.40 63.67 63.81 63.94 61.40 63.15 68.65 68.86
2023-03-03-04:34:33.257-UTC 63.40 63.67 63.81 63.94 61.40 63.15 68.65 68.51
2023-03-03-04:34:33.414-UTC 63.40 63.67 63.81 63.94 61.40 63.15 65.26 68.79
2023-03-03-04:34:33.573-UTC 63.40 63.67 63.81 63.94 61.40 63.15 65.26 63.73
2023-03-03-04:34:33.734-UTC 63.40 63.67 63.81 63.94 61.40 63.15 65.26 63.34
2023-03-03-04:34:33.893-UTC 63.40 63.67 63.81 63.94 61.40 63.15 65.26 63.34
2023-03-03-04:34:34.055-UTC 63.40 63.67 63.81 63.94 61.40 63.15 65.26 63.34
2023-03-03-04:34:34.215-UTC 63.40 63.67 63.81 63.94 61.40 63.15 65.33 63.34
2023-03-03-04:34:34.378-UTC 63.40 63.67 63.81 63.94 61.40 63.15 65.33 63.34
2023-03-03-04:34:34.539-UTC 63.40 63.67 63.81 63.94 61.40 63.15 65.33 63.34
2023-03-03-04:34:34.700-UTC 63.40 63.67 63.81 63.94 61.40 63.15 65.26 63.34
2023-03-03-04:34:34.859-UTC 63.40 63.67 63.81 63.94 61.40 63.15 65.33 63.34
2023-03-03-04:34:35.020-UTC 63.40 63.67 63.81 63.94 61.40 63.15 65.26 63.41
2023-03-03-04:34:35.182-UTC 63.40 63.67 63.81 63.94 61.40 63.15 65.33 63.34
2023-03-03-04:34:35.343-UTC 63.40 63.67 63.81 63.94 61.40 63.15 65.26 63.34
2023-03-03-04:34:35.503-UTC 63.40 63.67 63.81 63.94 61.40 63.15 65.26 63.34
2023-03-03-04:34:35.664-UTC 63.40 63.67 63.81 63.94 61.40 63.15 65.26 63.34
2023-03-03-04:34:35.950-UTC 63.40 63.67 63.81 63.94 61.40 63.15 65.33 63.34
2023-03-03-04:34:36.752-UTC 63.40 63.67 63.81 63.94 61.40 63.15 65.33 63.34
2023-03-03-04:34:37.447-UTC 63.40 63.67 63.81 63.94 61.40 63.15 65.33 63.34
2023-03-03-04:34:37.882-UTC 63.40 63.67 63.81 63.94 61.40 63.15 65.00 63.34
2023-03-03-04:34:38.612-UTC 63.40 63.67 63.81 63.94 61.40 63.15 65.33 63.34
2023-03-03-04:34:39.518-UTC 63.40 63.67 63.81 63.94 61.40 63.15 65.33 63.34
2023-03-03-04:34:40.207-UTC 63.40 63.67 63.81 63.94 61.40 63.15 65.33 63.34
2023-03-03-04:34:40.684-UTC 63.40 63.67 63.81 63.94 61.40 63.15 65.33 63.34
2023-03-03-04:34:40.845-UTC 63.40 63.67 63.81 63.94 61.40 63.15 65.33 63.41
2023-03-03-04:34:41.005-UTC 63.40 63.67 63.81 63.94 61.40 63.15 65.33 63.34
2023-03-03-04:34:41.166-UTC 63.40 63.67 63.81 63.94 61.40 63.15 65.26 63.34
2023-03-03-04:34:41.327-UTC 63.40 63.67 63.81 63.94 61.40 63.15 65.26 63.34
2023-03-03-04:34:41.487-UTC 63.40 63.67 63.81 63.94 61.40 63.15 65.33 63.34
2023-03-03-04:34:41.647-UTC 63.40 63.67 63.81 63.94 61.40 63.15 65.26 63.34
2023-03-03-04:34:41.808-UTC 63.40 63.67 63.81 63.94 61.40 63.15 65.33 63.34
2023-03-03-04:34:41.969-UTC 63.40 63.67 63.81 63.94 61.40 63.15 65.33 63.34
2023-03-03-04:34:42.139-UTC 63.40 63.67 63.81 63.94 61.40 63.15 65.33 63.41
2023-03-03-04:34:42.300-UTC 63.40 63.67 63.81 63.94 61.40 63.15 65.33 63.34
2023-03-03-04:34:42.463-UTC 63.40 63.67 63.81 63.94 61.40 63.15 65.33 63.34
2023-03-03-04:34:42.625-UTC 63.40 63.67 63.81 63.94 61.40 63.15 65.33 63.34
2023-03-03-04:34:42.785-UTC 73.65 74.29 74.40 63.94 71.79 73.13 75.56 73.96
2023-03-03-04:34:43.395-UTC 73.65 74.29 74.40 73.68 72.66 73.13 75.64 73.96
2023-03-03-04:34:44.061-UTC 73.65 74.29 74.40 73.68 71.79 73.46 75.56 73.96
2023-03-03-04:34:44.212-UTC 73.65 74.29 74.40 73.68 71.79 73.46 75.56 73.96
2023-03-03-04:34:44.363-UTC 73.65 74.29 74.73 73.68 71.79 73.46 75.56 73.96
2023-03-03-04:34:44.513-UTC 73.65 74.29 74.40 73.68 71.79 73.46 75.89 74.29
2023-03-03-04:34:44.663-UTC 73.65 74.29 74.40 73.68 71.79 73.46 75.64 74.29
2023-03-03-04:34:44.814-UTC 73.65 74.56 74.73 73.68 72.06 73.73 75.56 74.56
2023-03-03-04:34:44.977-UTC 73.65 74.56 74.33 73.96 72.06 73.46 75.89 74.29
2023-03-03-04:34:45.130-UTC 73.98 74.29 74.40 73.68 71.79 73.46 75.56 73.96
2023-03-03-04:34:45.438-UTC 76.36 94.00 79.89 73.68 71.79 73.46 75.56 73.96
2023-03-03-04:34:46.570-UTC 76.09 93.40 79.89 73.68 71.79 73.46 75.56 73.96
2023-03-03-04:34:47.250-UTC 76.36 93.40 79.89 73.68 71.79 73.46 75.56 74.29
2023-03-03-04:34:47.587-UTC 97.09 79.13 79.89 77.53 72.06 98.11 102.77 73.96
2023-03-03-04:34:47.814-UTC 73.65 74.29 74.14 73.68 71.79 73.46 75.56 73.96
2023-03-03-04:34:47.962-UTC 73.65 74.29 74.40 73.68 71.79 73.46 75.56 73.96
2023-03-03-04:34:48.108-UTC 73.65 74.29 74.40 73.96 71.79 73.46 75.89 74.29
2023-03-03-04:34:48.252-UTC 73.65 89.16 92.46 73.68 89.43 92.78 94.10 92.48
2023-03-03-04:34:48.553-UTC 73.65 93.40 93.21 90.53 89.43 92.69 94.70 92.48
2023-03-03-04:34:48.694-UTC 73.65 94.00 93.11 90.95 89.43 92.78 94.70 92.48
2023-03-03-04:34:48.835-UTC 73.65 94.00 93.11 90.95 89.71 92.78 94.70 92.48
2023-03-03-04:34:48.975-UTC 73.65 94.00 93.11 90.95 89.43 92.78 94.70 92.48
2023-03-03-04:34:49.117-UTC 73.65 94.27 93.21 90.95 89.71 92.78 94.70 92.48
2023-03-03-04:34:49.257-UTC 73.65 93.40 93.11 90.86 89.71 92.78 94.97 92.48
2023-03-03-04:34:49.397-UTC 73.65 94.00 93.11 90.95 89.71 92.78 94.97 92.48
2023-03-03-04:34:49.535-UTC 73.65 94.27 93.11 90.95 89.71 92.78 94.97 92.48
2023-03-03-04:34:49.672-UTC 73.65 94.27 93.11 90.86 89.71 93.11 94.97 92.48
2023-03-03-04:34:49.811-UTC 73.65 94.27 93.21 90.95 89.71 92.78 94.97 92.48
2023-03-03-04:34:49.952-UTC 73.65 94.27 93.21 90.86 89.71 92.78 94.97 92.48
2023-03-03-04:34:50.093-UTC 73.65 78.81 74.73 90.86 71.79 92.78 75.89 75.15
2023-03-03-04:34:50.237-UTC 73.65 74.56 74.73 74.29 71.79 74.33 75.89 74.29
2023-03-03-04:34:50.379-UTC 73.65 74.29 74.40 73.68 71.79 73.46 75.89 74.29
2023-03-03-04:34:50.524-UTC 73.65 74.29 74.40 73.68 71.79 73.46 75.89 74.29
2023-03-03-04:34:50.665-UTC 73.65 74.29 74.40 73.68 71.79 73.46 75.56 73.96
2023-03-03-04:34:50.806-UTC 73.65 74.29 74.40 73.68 71.79 73.46 75.56 74.29
2023-03-03-04:34:50.949-UTC 73.65 74.88 74.40 73.68 71.79 73.46 75.56 73.96
2023-03-03-04:34:51.093-UTC 73.65 74.88 74.40 73.68 71.79 73.46 75.56 73.96
2023-03-03-04:34:51.236-UTC 73.65 74.88 74.40 73.68 71.79 73.46 75.89 74.29
2023-03-03-04:34:51.380-UTC 73.65 74.88 74.40 73.68 71.79 73.46 75.89 74.29
2023-03-03-04:34:51.524-UTC 73.65 74.88 74.40 73.68 71.79 73.46 75.89 73.96
2023-03-03-04:34:51.667-UTC 73.65 74.29 74.40 73.68 71.79 73.46 75.56 74.29
2023-03-03-04:34:51.810-UTC 73.65 74.29 74.40 73.68 71.79 73.46 75.56 73.96
2023-03-03-04:34:51.953-UTC 73.65 74.29 74.40 73.68 71.79 73.46 75.89 74.29
2023-03-03-04:34:52.097-UTC 73.98 74.29 74.40 74.56 71.79 73.46 75.89 74.29
2023-03-03-04:34:52.317-UTC 73.65 74.29 74.40 73.68 71.79 73.46 75.56 74.29
2023-03-03-04:34:52.520-UTC 73.65 74.29 74.40 73.68 71.79 73.46 75.97 73.96
2023-03-03-04:34:52.680-UTC 73.65 74.29 74.40 73.68 71.79 73.46 75.89 74.29
2023-03-03-04:34:52.842-UTC 73.65 74.88 74.40 73.68 71.79 73.46 75.89 73.96
2023-03-03-04:34:53.002-UTC 73.65 74.56 74.40 73.68 71.79 73.46 75.56 74.29
2023-03-03-04:34:53.170-UTC 73.65 74.88 74.40 73.68 71.79 73.46 75.56 73.96
2023-03-03-04:34:53.336-UTC 127.00 130.25 117.60 122.09 105.54 153.38 124.61 131.45
2023-03-03-04:34:53.946-UTC 80.59 74.88 76.52 90.35 72.66 127.86 87.21 192.92
2023-03-03-04:34:54.410-UTC 73.98 74.56 75.00 73.96 72.06 73.73 76.16 74.56
2023-03-03-04:34:54.585-UTC 73.98 74.56 74.73 73.96 72.06 74.06 75.89 74.56
2023-03-03-04:34:54.779-UTC 73.98 74.56 75.32 73.96 72.06 73.73 75.89 74.56
2023-03-03-04:34:54.942-UTC 75.77 74.56 74.73 73.96 72.06 73.73 75.89 74.29
2023-03-03-04:34:55.374-UTC 95.40 96.40 74.73 93.31 92.76 75.25 77.69 74.29
2023-03-03-04:34:56.509-UTC 95.40 97.33 96.42 93.90 92.76 96.10 98.02 74.29
2023-03-03-04:34:56.826-UTC 95.40 97.33 96.10 93.90 92.76 96.10 98.02 76.08
2023-03-03-04:34:57.212-UTC 94.21 97.33 96.10 93.90 92.76 96.00 98.02 76.08
2023-03-03-04:34:57.363-UTC 92.36 97.33 96.42 93.90 92.76 96.10 98.02 96.13
2023-03-03-04:34:57.506-UTC 92.36 97.33 96.10 93.90 92.76 96.10 98.02 96.40
2023-03-03-04:34:57.650-UTC 92.36 97.33 96.42 93.90 92.76 96.10 98.02 95.79
2023-03-03-04:34:57.791-UTC 92.36 97.33 96.42 93.90 89.71 96.10 98.02 95.79
2023-03-03-04:34:57.933-UTC 92.36 94.27 96.42 93.90 89.71 96.00 98.02 95.79
2023-03-03-04:34:58.074-UTC 92.36 94.27 96.42 90.95 89.71 96.10 98.02 96.40
2023-03-03-04:34:58.214-UTC 92.36 94.27 96.42 90.86 89.71 93.02 98.02 96.40
2023-03-03-04:34:58.355-UTC 92.36 94.27 96.42 90.86 89.71 93.11 95.30 95.79
2023-03-03-04:34:58.497-UTC 92.36 94.27 93.39 90.86 89.71 93.11 94.97 95.79
2023-03-03-04:34:58.638-UTC 92.36 94.27 93.39 90.95 89.71 93.11 94.97 95.79
2023-03-03-04:34:58.777-UTC 92.36 94.27 93.39 90.86 89.71 93.11 94.97 96.40
2023-03-03-04:34:58.918-UTC 92.36 94.27 93.39 90.95 89.71 93.11 94.97 96.40
2023-03-03-04:34:59.059-UTC 92.36 94.27 93.39 90.86 89.71 93.11 94.97 96.40
2023-03-03-04:34:59.200-UTC 65.19 94.27 93.39 90.86 89.71 93.11 94.97 94.27
2023-03-03-04:34:59.352-UTC 64.00 94.27 93.39 90.86 89.71 93.11 94.97 93.40
2023-03-03-04:34:59.499-UTC 64.00 94.27 93.48 90.86 63.26 93.11 94.97 93.40
2023-03-03-04:34:59.645-UTC 64.00 94.27 93.48 90.86 62.66 93.11 94.97 93.40
2023-03-03-04:34:59.790-UTC 63.67 64.59 93.48 90.95 62.34 93.02 95.30 93.40
2023-03-03-04:34:59.939-UTC 63.67 64.26 93.21 64.59 62.34 93.11 94.97 93.40
2023-03-03-04:35:00.091-UTC 63.67 63.94 93.48 64.59 62.00 65.26 94.97 93.40
2023-03-03-04:35:00.245-UTC 63.67 63.94 65.65 64.26 62.00 63.74 69.18 93.40
2023-03-03-04:35:00.400-UTC 63.67 63.94 64.73 64.26 61.73 63.74 65.92 93.40
2023-03-03-04:35:00.555-UTC 63.67 63.94 64.45 64.26 61.73 63.47 65.92 93.40
2023-03-03-04:35:00.712-UTC 63.40 63.67 64.13 63.94 61.73 63.47 65.60 93.40
2023-03-03-04:35:00.871-UTC 63.67 63.67 64.13 63.94 61.73 63.15 65.53 93.40
2023-03-03-04:35:01.042-UTC 63.67 63.67 64.13 63.94 61.73 63.15 65.33 93.40
2023-03-03-04:35:01.201-UTC 63.40 63.67 64.13 63.94 61.73 63.15 65.33 64.33
2023-03-03-04:35:01.360-UTC 63.67 63.67 64.13 63.94 61.73 63.15 65.33 63.94
2023-03-03-04:35:01.518-UTC 63.67 63.67 64.13 63.94 61.73 63.15 65.33 63.94
2023-03-03-04:35:01.677-UTC 63.67 63.67 64.13 63.94 61.73 63.15 65.33 63.67
2023-03-03-04:35:01.832-UTC 63.67 63.67 63.81 63.94 61.73 63.15 65.33 63.67
2023-03-03-04:35:01.990-UTC 63.67 63.67 64.13 63.94 61.73 63.15 65.33 63.67
2023-03-03-04:35:02.148-UTC 63.67 63.67 63.81 63.94 61.73 63.15 65.33 63.67
2023-03-03-04:35:02.307-UTC 63.67 63.67 63.81 63.94 61.73 63.15 65.26 63.67
2023-03-03-04:35:02.465-UTC 63.67 63.67 64.13 63.94 61.73 63.15 65.26 63.73
2023-03-03-04:35:02.622-UTC 63.67 63.67 64.13 63.94 61.73 63.15 65.33 63.67
2023-03-03-04:35:02.780-UTC 63.40 63.67 64.13 63.94 61.73 63.15 65.26 63.73
2023-03-03-04:35:02.941-UTC 63.67 63.67 64.13 63.94 61.73 63.15 65.33 63.67
2023-03-03-04:35:03.099-UTC 63.67 63.67 63.81 63.94 61.73 63.15 65.33 63.67
2023-03-03-04:35:03.257-UTC 63.40 63.67 64.13 63.94 61.73 63.15 65.33 63.67
2023-03-03-04:35:03.413-UTC 63.40 63.67 63.81 63.94 61.73 63.15 65.33 63.67
2023-03-03-04:35:03.574-UTC 63.67 63.67 64.13 63.94 61.73 63.15 65.33 63.73
2023-03-03-04:35:03.730-UTC 63.67 63.67 63.81 63.94 61.73 63.15 65.33 63.67
2023-03-03-04:35:03.889-UTC 63.40 63.67 63.81 63.94 61.73 63.15 65.33 63.67
2023-03-03-04:35:04.046-UTC 63.40 63.67 63.81 63.94 61.73 63.15 65.33 63.67
2023-03-03-04:35:04.206-UTC 63.40 63.67 63.81 63.94 61.73 63.15 65.33 63.67
2023-03-03-04:35:04.367-UTC 63.40 63.67 63.81 63.94 61.73 63.15 65.26 63.67
2023-03-03-04:35:04.527-UTC 63.40 63.67 63.81 63.94 61.73 63.15 65.33 63.67
2023-03-03-04:35:04.685-UTC 63.40 63.67 63.81 63.94 61.73 63.15 65.33 63.73
2023-03-03-04:35:04.840-UTC 63.40 63.67 63.81 63.94 61.73 63.15 65.33 63.67
2023-03-03-04:35:05.000-UTC 63.67 63.67 63.81 63.94 61.73 63.15 65.33 63.67
2023-03-03-04:35:05.160-UTC 63.40 63.67 63.81 63.94 61.73 63.15 65.33 63.67
2023-03-03-04:35:05.318-UTC 63.40 63.67 63.81 63.94 61.73 63.15 65.33 63.67
2023-03-03-04:35:05.474-UTC 63.40 63.67 63.81 63.94 61.73 63.15 65.33 63.67
2023-03-03-04:35:05.631-UTC 63.40 63.67 63.81 63.94 61.40 63.15 65.33 63.67
2023-03-03-04:35:05.790-UTC 63.40 63.67 63.81 63.94 61.40 63.15 65.33 63.73
2023-03-03-04:35:05.948-UTC 63.40 63.67 63.81 63.94 61.73 63.15 65.33 63.67
2023-03-03-04:35:06.124-UTC 63.40 63.67 64.13 63.94 61.40 63.15 65.26 63.73
2023-03-03-04:35:06.284-UTC 63.40 63.67 63.81 63.94 61.73 63.15 65.33 63.73
2023-03-03-04:35:06.440-UTC 63.40 63.67 63.81 63.94 61.40 63.15 65.33 63.73
2023-03-03-04:35:06.600-UTC 63.40 63.67 63.81 63.94 61.73 63.15 65.33 63.67
2023-03-03-04:35:06.760-UTC 63.40 63.67 63.81 63.94 61.73 63.15 65.33 63.67
2023-03-03-04:35:06.920-UTC 63.40 63.67 63.81 63.94 61.40 63.15 65.33 63.67
2023-03-03-04:35:07.076-UTC 63.40 63.67 63.81 63.94 61.73 63.15 65.33 63.67
2023-03-03-04:35:07.234-UTC 63.40 63.67 63.81 63.94 61.40 63.15 65.33 63.67
2023-03-03-04:35:07.391-UTC 63.40 63.67 63.81 63.94 61.40 63.15 65.33 63.67
2023-03-03-04:35:07.554-UTC 63.40 63.67 63.81 63.94 61.73 63.15 65.33 63.73
2023-03-03-04:35:07.715-UTC 63.40 63.67 63.81 63.94 61.73 63.15 65.33 63.73
2023-03-03-04:35:07.874-UTC 63.40 63.67 63.81 63.94 61.40 63.15 65.33 63.67
2023-03-03-04:35:08.033-UTC 63.40 63.67 63.81 63.94 61.40 63.15 65.33 63.67
2023-03-03-04:35:08.196-UTC 63.40 63.67 63.81 63.94 61.40 63.15 65.33 63.67
2023-03-03-04:35:08.356-UTC 63.40 63.67 63.81 63.94 61.73 63.15 65.33 63.67
2023-03-03-04:35:08.515-UTC 63.40 63.67 63.81 63.94 61.40 63.15 65.33 63.67
2023-03-03-04:35:08.672-UTC 63.40 63.67 63.81 63.94 61.40 63.15 65.33 63.73
2023-03-03-04:35:08.831-UTC 63.40 63.67 63.81 63.94 61.73 63.15 65.33 63.67
2023-03-03-04:35:08.990-UTC 63.40 63.67 63.81 63.94 61.73 63.15 65.33 63.34
2023-03-03-04:35:09.150-UTC 63.40 63.67 63.81 63.94 61.73 63.15 65.33 63.67
2023-03-03-04:35:09.310-UTC 63.40 63.67 63.81 63.94 61.73 63.15 65.33 63.73
2023-03-03-04:35:09.466-UTC 63.40 63.67 63.81 63.94 61.40 63.15 65.33 63.67
2023-03-03-04:35:09.624-UTC 63.40 63.67 63.81 63.94 61.73 63.15 65.33 63.67
2023-03-03-04:35:09.780-UTC 63.40 63.67 63.81 63.94 61.73 63.15 65.33 63.67
2023-03-03-04:35:09.935-UTC 63.40 63.67 63.81 63.94 61.47 63.15 65.26 63.34
2023-03-03-04:35:10.097-UTC 63.40 63.67 63.81 63.94 61.40 63.15 65.33 63.67
2023-03-03-04:35:10.257-UTC 63.40 63.67 63.81 63.94 61.40 63.15 65.33 63.67
2023-03-03-04:35:10.416-UTC 63.40 63.67 63.81 63.94 61.40 63.15 65.33 63.67
2023-03-03-04:35:10.572-UTC 63.40 63.67 63.81 63.94 61.40 63.15 65.33 63.67
2023-03-03-04:35:10.729-UTC 63.40 63.67 63.81 63.94 61.40 63.15 65.33 63.34
2023-03-03-04:35:10.887-UTC 63.40 63.67 63.81 63.94 61.40 63.15 65.33 63.67
2023-03-03-04:35:11.057-UTC 63.40 63.67 63.81 63.94 61.40 63.15 65.33 63.67
2023-03-03-04:35:11.218-UTC 63.40 63.67 63.81 63.94 61.40 63.15 65.33 63.67
2023-03-03-04:35:11.374-UTC 63.40 63.67 63.81 63.94 61.40 63.15 65.33 63.34
2023-03-03-04:35:11.530-UTC 63.40 63.67 63.81 63.94 61.40 63.15 65.33 63.67
2023-03-03-04:35:11.688-UTC 63.40 63.67 63.81 63.94 61.40 63.15 65.33 63.67
2023-03-03-04:35:11.846-UTC 63.40 63.67 63.81 63.94 61.40 63.15 65.26 63.73
2023-03-03-04:35:12.004-UTC 63.40 63.67 63.81 63.94 61.73 63.15 65.33 63.34
2023-03-03-04:35:12.165-UTC 63.40 63.67 63.81 63.94 61.40 63.15 65.33 63.34
2023-03-03-04:35:12.325-UTC 63.40 63.67 63.81 63.94 61.40 63.15 65.33 63.67
2023-03-03-04:35:12.481-UTC 63.40 63.67 63.81 63.94 61.73 63.15 65.26 63.67
2023-03-03-04:35:12.638-UTC 63.40 63.67 63.81 63.94 61.47 63.15 65.33 63.34
2023-03-03-04:35:12.794-UTC 63.40 63.67 63.81 63.94 61.40 63.15 65.33 63.67
2023-03-03-04:35:12.951-UTC 63.40 63.67 63.81 63.94 61.40 63.15 65.33 63.67
2023-03-03-04:35:13.114-UTC 63.40 63.67 63.81 63.94 61.40 63.15 65.33 63.34
2023-03-03-04:35:13.276-UTC 63.40 63.67 63.81 63.94 61.40 63.15 65.33 63.34
2023-03-03-04:35:13.434-UTC 63.40 63.67 63.81 63.94 61.40 63.15 65.33 63.67
2023-03-03-04:35:13.593-UTC 63.40 63.67 63.81 63.94 61.40 63.15 65.33 63.34
2023-03-03-04:35:13.754-UTC 63.40 63.67 63.81 63.94 61.40 63.15 65.33 63.73
2023-03-03-04:35:13.916-UTC 63.40 63.67 63.81 63.94 61.40 63.15 65.33 63.41
2023-03-03-04:35:14.077-UTC 63.40 63.67 63.81 63.94 61.73 63.15 65.33 63.67
2023-03-03-04:35:14.238-UTC 63.40 63.67 63.81 63.94 61.40 63.15 65.33 63.67
2023-03-03-04:35:14.399-UTC 63.40 63.67 63.81 63.94 61.40 63.15 65.33 63.41
2023-03-03-04:35:14.558-UTC 63.40 63.67 63.81 63.94 61.40 63.15 65.33 63.34
2023-03-03-04:35:14.718-UTC 63.40 63.67 63.81 63.94 61.40 63.15 65.33 63.34
2023-03-03-04:35:14.874-UTC 63.40 63.67 63.81 63.94 61.73 63.15 65.33 63.67
2023-03-03-04:35:15.031-UTC 63.40 63.67 63.81 63.94 61.40 63.15 65.26 63.67
2023-03-03-04:35:15.190-UTC 63.40 63.67 63.81 63.94 61.40 63.15 65.33 63.34
2023-03-03-04:35:15.350-UTC 63.40 63.67 63.81 63.94 61.40 63.15 65.33 63.67
2023-03-03-04:35:15.510-UTC 63.40 63.67 63.81 63.94 61.40 63.15 65.33 63.41
2023-03-03-04:35:15.672-UTC 63.40 63.67 63.81 63.94 61.40 63.15 65.33 63.34
2023-03-03-04:35:15.830-UTC 63.40 63.67 63.81 63.94 61.40 63.15 65.33 63.34
2023-03-03-04:35:15.988-UTC 63.40 63.67 63.81 63.94 61.40 63.15 65.33 63.34
2023-03-03-04:35:16.146-UTC 63.40 63.67 63.81 63.94 61.40 63.15 65.33 63.34
2023-03-03-04:35:16.305-UTC 63.40 63.67 63.81 63.94 61.40 63.15 65.33 63.34
2023-03-03-04:35:16.465-UTC 63.40 63.67 63.81 63.94 61.40 63.15 65.33 63.34
2023-03-03-04:35:16.622-UTC 63.40 63.67 63.81 63.94 61.40 63.15 65.33 63.34
2023-03-03-04:35:16.781-UTC 63.40 63.67 63.81 63.94 61.40 63.15 65.26 63.67
2023-03-03-04:35:16.937-UTC 63.40 63.67 63.81 63.94 61.40 63.15 65.33 63.34
2023-03-03-04:35:17.097-UTC 63.40 63.67 63.81 63.94 61.73 63.15 65.33 63.34
2023-03-03-04:35:17.255-UTC 63.40 63.67 63.81 63.94 61.40 63.15 65.33 63.34
2023-03-03-04:35:17.412-UTC 63.40 63.67 63.81 63.94 61.40 63.15 65.33 63.34
2023-03-03-04:35:17.571-UTC 63.40 63.67 63.81 63.94 61.40 63.15 65.33 63.34
2023-03-03-04:35:17.728-UTC 63.40 63.67 63.81 63.94 61.73 63.15 65.33 63.34
2023-03-03-04:35:17.887-UTC 63.40 63.67 63.81 63.94 61.40 63.15 65.33 63.34
2023-03-03-04:35:18.044-UTC 63.40 63.67 63.81 63.94 61.40 63.15 65.26 63.34
2023-03-03-04:35:18.203-UTC 63.40 63.67 63.81 63.94 61.40 63.15 65.33 63.67
2023-03-03-04:35:18.364-UTC 63.40 63.67 63.81 63.94 61.40 63.15 65.33 63.34
2023-03-03-04:35:18.525-UTC 63.40 63.67 63.81 63.94 61.40 63.15 65.33 63.67
2023-03-03-04:35:18.685-UTC 63.40 63.67 63.81 63.94 61.40 63.15 65.33 63.34
2023-03-03-04:35:18.846-UTC 63.40 63.67 63.81 63.94 61.40 63.15 65.33 63.34
2023-03-03-04:35:19.007-UTC 63.40 63.67 63.81 63.94 61.40 63.15 65.33 63.34
2023-03-03-04:35:19.164-UTC 63.40 63.67 63.81 63.94 61.40 63.15 65.33 63.34
2023-03-03-04:35:19.322-UTC 63.40 63.67 63.81 63.94 61.40 63.15 65.33 63.34
2023-03-03-04:35:19.481-UTC 63.40 63.67 63.81 63.94 61.40 63.15 65.33 63.34
2023-03-03-04:35:19.641-UTC 63.40 63.67 63.81 63.94 61.40 63.15 65.26 63.34
2023-03-03-04:35:19.796-UTC 63.40 63.67 63.81 63.94 61.40 63.15 65.33 63.67
2023-03-03-04:35:19.957-UTC 63.40 63.67 63.81 63.94 61.40 63.15 65.26 63.41
2023-03-03-04:35:20.114-UTC 63.40 63.67 63.81 63.94 61.40 63.15 65.33 63.41
2023-03-03-04:35:20.274-UTC 63.40 63.67 63.81 63.94 61.40 63.15 65.33 63.34
2023-03-03-04:35:20.430-UTC 63.40 63.67 63.81 63.94 61.40 63.15 65.33 63.34
2023-03-03-04:35:20.589-UTC 63.40 63.67 63.81 63.94 61.40 63.15 65.33 63.34
2023-03-03-04:35:20.748-UTC 63.40 63.67 63.81 63.94 61.40 63.15 65.33 63.34
2023-03-03-04:35:20.909-UTC 63.40 63.67 63.81 63.94 61.40 63.15 65.33 63.67
2023-03-03-04:35:21.070-UTC 63.40 63.67 63.81 63.94 61.40 63.15 65.33 63.34
2023-03-03-04:35:21.231-UTC 63.40 63.67 63.81 63.94 61.40 63.15 65.00 63.34
2023-03-03-04:35:21.391-UTC 63.40 63.67 63.81 63.94 61.40 63.15 65.33 63.41
2023-03-03-04:35:21.551-UTC 63.40 63.67 63.81 63.94 61.40 63.15 65.33 63.34
2023-03-03-04:35:21.709-UTC 63.40 63.67 63.81 63.94 61.40 63.15 65.33 63.67
2023-03-03-04:35:21.868-UTC 63.40 63.67 63.81 63.94 61.40 63.15 65.33 63.34
2023-03-03-04:35:22.030-UTC 63.40 63.67 63.81 63.94 61.40 63.15 65.33 63.34
2023-03-03-04:35:22.190-UTC 63.40 63.67 63.81 63.94 61.40 63.15 65.33 63.34
2023-03-03-04:35:22.352-UTC 63.40 63.67 63.81 63.94 61.40 63.15 65.33 63.34
2023-03-03-04:35:22.512-UTC 63.40 63.67 63.81 63.94 61.40 63.15 65.33 63.34
2023-03-03-04:35:22.669-UTC 63.40 63.67 63.81 63.94 61.40 63.15 65.33 63.34
2023-03-03-04:35:22.825-UTC 63.40 63.67 63.81 63.94 61.40 63.15 65.33 63.34
2023-03-03-04:35:22.981-UTC 63.40 63.67 63.81 63.94 61.40 63.15 65.33 63.34
2023-03-03-04:35:23.143-UTC 63.40 63.67 63.81 63.94 61.40 63.15 65.33 63.34
2023-03-03-04:35:23.300-UTC 63.40 63.67 63.81 63.94 61.40 63.15 65.33 63.34
2023-03-03-04:35:23.459-UTC 63.40 63.67 63.81 63.94 61.40 63.15 65.33 63.34
2023-03-03-04:35:23.619-UTC 63.40 63.67 63.81 63.94 61.40 63.15 65.33 63.41
2023-03-03-04:35:23.777-UTC 63.40 63.67 63.81 63.94 61.40 63.15 65.33 63.34
2023-03-03-04:35:23.935-UTC 63.40 63.67 63.81 63.94 61.40 63.15 65.33 63.34
2023-03-03-04:35:24.095-UTC 63.40 63.67 63.81 63.94 61.40 63.15 65.26 63.34
2023-03-03-04:35:24.254-UTC 63.40 63.67 63.81 63.94 61.40 63.15 65.33 63.34
2023-03-03-04:35:24.410-UTC 63.40 63.67 63.81 63.94 61.40 63.15 65.33 63.34
2023-03-03-04:35:24.568-UTC 63.40 63.67 63.81 63.94 61.40 63.15 65.33 63.34
2023-03-03-04:35:24.722-UTC 63.40 63.67 63.81 63.94 61.40 63.15 65.33 63.34
2023-03-03-04:35:24.879-UTC 63.40 63.67 63.81 63.94 61.40 63.15 65.00 63.41
2023-03-03-04:35:25.037-UTC 63.40 63.67 63.81 63.94 61.40 63.15 65.33 63.34
2023-03-03-04:35:25.195-UTC 63.40 63.67 63.81 63.94 61.40 63.15 65.33 63.41
2023-03-03-04:35:25.354-UTC 63.40 63.67 63.81 63.94 61.40 63.15 65.00 63.34
2023-03-03-04:35:25.512-UTC 63.40 63.67 63.81 63.94 61.40 63.15 65.33 63.34
2023-03-03-04:35:25.667-UTC 63.40 63.67 63.81 63.94 61.40 63.15 65.33 63.34
2023-03-03-04:35:25.823-UTC 63.40 63.67 63.81 63.94 61.40 63.15 65.33 63.34
2023-03-03-04:35:25.980-UTC 63.40 63.67 63.81 63.94 61.40 63.15 65.33 63.41
2023-03-03-04:35:26.141-UTC 63.40 63.67 63.81 63.94 61.40 63.15 65.33 63.34
2023-03-03-04:35:26.301-UTC 63.40 63.67 63.81 63.94 61.40 63.15 65.33 63.34
2023-03-03-04:35:26.459-UTC 63.40 63.67 63.81 63.94 61.40 63.15 65.33 63.34
2023-03-03-04:35:26.619-UTC 63.40 63.67 63.81 63.94 61.40 63.15 65.33 63.41
2023-03-03-04:35:26.780-UTC 63.40 63.67 63.81 63.94 61.40 63.15 65.00 63.34
2023-03-03-04:35:26.941-UTC 63.40 63.67 63.81 63.94 61.40 63.15 65.33 63.34
2023-03-03-04:35:27.108-UTC 63.40 63.67 63.81 63.94 61.40 63.15 65.33 63.34
2023-03-03-04:35:27.267-UTC 63.40 63.67 63.81 63.94 61.40 63.15 65.33 63.41
2023-03-03-04:35:27.423-UTC 63.40 63.67 63.81 63.94 61.40 63.15 65.00 63.34
2023-03-03-04:35:27.582-UTC 63.40 63.67 63.81 63.94 61.40 63.15 65.33 63.34
2023-03-03-04:35:27.738-UTC 63.40 63.34 63.81 63.94 61.40 63.15 65.33 63.41
2023-03-03-04:35:27.897-UTC 63.40 63.67 63.81 63.94 61.40 63.15 65.33 63.34
2023-03-03-04:35:28.054-UTC 63.40 63.67 63.81 63.94 61.40 63.15 65.33 63.34
2023-03-03-04:35:28.212-UTC 63.40 63.34 63.81 63.94 61.40 63.15 65.00 63.34
2023-03-03-04:35:28.372-UTC 63.40 63.67 63.81 63.94 61.40 63.15 65.00 63.34
2023-03-03-04:35:28.533-UTC 63.40 63.67 63.81 63.94 61.40 63.15 65.33 63.41
2023-03-03-04:35:28.693-UTC 63.40 63.67 63.81 63.94 61.40 63.15 65.33 63.34
2023-03-03-04:35:28.854-UTC 63.40 63.67 63.81 63.94 61.40 63.15 65.33 63.34
2023-03-03-04:35:29.011-UTC 63.40 63.67 63.81 63.94 61.40 63.15 65.26 63.34
2023-03-03-04:35:29.173-UTC 63.40 63.67 63.81 63.94 61.40 63.15 65.26 63.34
2023-03-03-04:35:29.333-UTC 63.40 63.67 63.81 63.94 61.40 63.15 65.33 63.41
2023-03-03-04:35:29.492-UTC 63.40 63.34 63.81 63.94 61.40 63.15 65.00 63.34
