2023-03-03-04:32:10.626-UTC 64.00 65.19 64.99 64.87 62.34 64.06 66.46 64.26
2023-03-03-04:32:10.789-UTC 64.00 65.19 64.99 64.87 62.34 64.06 66.46 64.26
2023-03-03-04:32:10.954-UTC 64.00 65.19 64.99 64.87 62.34 64.06 66.46 64.26
2023-03-03-04:32:11.124-UTC 64.00 65.19 64.99 64.87 62.34 64.06 66.46 64.26
2023-03-03-04:32:11.284-UTC 64.00 65.19 65.06 64.87 62.34 64.06 66.46 64.26
2023-03-03-04:32:11.440-UTC 64.00 65.19 65.06 64.87 62.34 64.06 66.46 64.26
2023-03-03-04:32:11.608-UTC 64.00 65.19 64.99 64.87 62.34 64.06 66.46 64.26
2023-03-03-04:32:11.765-UTC 64.00 65.19 64.99 64.87 62.34 64.06 66.46 64.26
2023-03-03-04:32:11.924-UTC 64.00 65.19 64.99 64.87 62.34 64.06 66.46 64.26
2023-03-03-04:32:12.081-UTC 64.00 65.19 65.06 64.87 62.34 64.06 66.46 64.26
2023-03-03-04:32:12.240-UTC 64.00 65.19 64.99 64.87 62.34 64.06 66.46 64.26
2023-03-03-04:32:12.398-UTC 64.00 65.19 65.06 64.87 62.34 64.06 66.46 64.26
2023-03-03-04:32:12.558-UTC 64.00 65.19 64.99 64.87 62.34 64.06 66.46 64.26
2023-03-03-04:32:12.716-UTC 64.32 65.19 64.99 64.87 62.34 64.06 66.46 64.26
2023-03-03-04:32:12.874-UTC 64.00 65.19 65.06 64.87 62.34 64.06 66.46 64.26
2023-03-03-04:32:13.030-UTC 64.00 65.19 65.06 64.87 62.34 64.06 66.46 64.26
2023-03-03-04:32:13.189-UTC 64.00 65.19 64.99 64.87 62.34 63.47 66.46 64.26
2023-03-03-04:32:13.349-UTC 64.00 65.19 64.99 64.87 62.34 64.06 66.46 64.26
2023-03-03-04:32:13.508-UTC 64.00 65.19 64.99 64.87 62.34 64.06 66.46 64.26
2023-03-03-04:32:13.667-UTC 64.00 65.19 64.99 64.87 62.34 64.06 66.46 64.26
2023-03-03-04:32:13.825-UTC 64.00 65.19 64.99 64.87 62.34 64.06 66.46 64.26
2023-03-03-04:32:13.988-UTC 64.00 65.19 65.06 64.87 62.34 63.74 66.46 64.26
2023-03-03-04:32:14.153-UTC 64.00 65.19 64.99 64.87 62.34 63.74 66.46 64.26
2023-03-03-04:32:14.313-UTC 64.00 65.19 64.99 64.87 62.34 64.06 66.46 64.26
2023-03-03-04:32:14.471-UTC 64.00 65.19 65.06 64.87 62.34 64.06 66.46 64.26
2023-03-03-04:32:14.629-UTC 64.00 65.19 64.99 64.87 62.34 64.06 66.13 64.26
2023-03-03-04:32:14.786-UTC 64.00 65.19 65.06 64.87 62.34 63.74 66.46 64.26
2023-03-03-04:32:14.942-UTC 64.00 65.19 64.99 64.87 62.34 64.06 66.13 64.26
2023-03-03-04:32:15.099-UTC 64.00 65.19 65.06 64.87 62.34 64.06 66.13 63.94
2023-03-03-04:32:15.258-UTC 64.00 65.19 64.99 64.87 62.34 63.74 66.46 64.26
2023-03-03-04:32:15.415-UTC 64.00 65.19 64.99 64.87 62.34 64.06 66.46 64.26
2023-03-03-04:32:15.574-UTC 64.00 65.19 65.06 64.87 62.34 64.06 66.46 64.26
2023-03-03-04:32:15.732-UTC 64.00 65.19 64.99 64.87 62.34 63.74 66.46 63.94
2023-03-03-04:32:15.889-UTC 64.00 65.19 64.99 64.87 62.34 63.74 66.13 63.94
2023-03-03-04:32:16.047-UTC 64.00 65.19 64.99 64.87 62.34 63.74 66.46 64.26
2023-03-03-04:32:16.204-UTC 64.00 65.19 64.99 64.87 62.34 63.74 66.13 63.94
2023-03-03-04:32:16.361-UTC 64.00 65.19 65.06 64.87 62.34 63.74 66.13 64.26
2023-03-03-04:32:16.519-UTC 64.00 65.19 64.99 64.87 62.34 63.74 66.13 63.94
2023-03-03-04:32:16.675-UTC 64.00 65.19 65.06 64.87 62.34 63.74 66.13 64.26
2023-03-03-04:32:16.834-UTC 64.00 65.19 64.99 64.87 62.34 63.74 66.13 63.94
2023-03-03-04:32:16.990-UTC 64.00 65.19 64.99 64.87 62.34 63.74 66.13 64.26
2023-03-03-04:32:17.150-UTC 64.00 65.19 64.99 64.87 62.34 63.74 66.13 64.26
2023-03-03-04:32:17.311-UTC 64.00 65.19 64.99 64.87 62.34 63.74 66.13 63.94
2023-03-03-04:32:17.470-UTC 64.00 65.19 64.99 64.87 62.34 63.74 66.13 64.26
2023-03-03-04:32:17.627-UTC 64.00 65.19 65.06 64.87 62.34 63.74 66.13 64.26
2023-03-03-04:32:17.786-UTC 64.00 65.19 64.99 64.87 62.34 63.74 66.13 63.94
2023-03-03-04:32:17.943-UTC 64.00 64.87 64.99 64.87 62.34 63.74 66.13 64.26
2023-03-03-04:32:18.103-UTC 64.00 65.19 65.06 64.87 62.34 63.74 66.13 64.26
2023-03-03-04:32:18.261-UTC 64.00 65.19 65.06 64.87 62.34 63.74 66.13 64.26
2023-03-03-04:32:18.419-UTC 64.00 65.19 64.99 64.87 62.34 63.74 66.13 63.94
2023-03-03-04:32:18.578-UTC 64.00 65.19 64.99 64.87 62.34 63.74 66.13 63.94
2023-03-03-04:32:18.739-UTC 64.00 65.19 64.99 64.87 62.34 63.74 66.13 63.94
2023-03-03-04:32:18.896-UTC 64.00 64.87 64.99 64.87 62.34 63.74 66.13 63.94
2023-03-03-04:32:19.054-UTC 64.00 65.19 64.99 64.87 62.34 63.74 66.13 64.26
2023-03-03-04:32:19.214-UTC 64.00 64.87 64.99 64.87 62.34 63.74 66.13 63.94
2023-03-03-04:32:19.375-UTC 64.00 64.87 64.99 64.87 62.34 63.74 66.13 63.94
2023-03-03-04:32:19.531-UTC 64.00 65.19 65.06 64.87 62.34 63.74 66.13 63.94
2023-03-03-04:32:19.689-UTC 64.00 64.87 65.06 64.87 62.34 63.74 66.13 63.94
2023-03-03-04:32:19.846-UTC 64.00 65.19 64.99 64.87 62.34 63.74 66.13 63.94
2023-03-03-04:32:20.004-UTC 64.00 65.19 65.06 64.87 62.34 63.74 66.13 63.94
2023-03-03-04:32:20.166-UTC 64.00 64.87 64.67 64.87 62.34 63.74 66.13 63.94
2023-03-03-04:32:20.328-UTC 64.06 64.87 64.99 64.87 62.34 63.74 66.20 63.94
2023-03-03-04:32:20.490-UTC 64.00 64.87 65.06 64.87 62.34 63.74 66.13 63.94
2023-03-03-04:32:20.649-UTC 64.00 64.87 64.67 64.87 62.34 63.74 66.13 63.94
2023-03-03-04:32:20.810-UTC 64.00 64.87 64.73 64.87 62.34 63.74 66.13 63.94
2023-03-03-04:32:20.970-UTC 64.00 64.87 64.67 64.87 62.34 63.74 66.13 63.94
2023-03-03-04:32:21.128-UTC 64.00 64.87 64.67 64.59 62.34 63.74 66.13 63.94
2023-03-03-04:32:21.287-UTC 64.00 64.87 64.67 64.87 62.34 63.74 66.13 63.94
2023-03-03-04:32:21.449-UTC 64.00 64.87 64.67 64.87 62.34 63.74 66.13 63.94
2023-03-03-04:32:21.608-UTC 64.00 64.87 64.73 64.59 62.34 63.74 66.13 63.94
2023-03-03-04:32:21.765-UTC 64.00 64.87 64.73 64.87 62.34 63.74 66.13 63.94
2023-03-03-04:32:21.928-UTC 64.00 64.87 64.67 64.87 62.34 63.74 66.13 63.94
2023-03-03-04:32:22.087-UTC 64.00 64.87 64.67 64.87 62.34 63.74 66.13 63.94
2023-03-03-04:32:22.244-UTC 64.00 64.87 64.67 64.87 62.34 63.74 66.13 63.94
2023-03-03-04:32:22.403-UTC 64.00 64.87 64.67 64.87 62.34 63.74 66.13 63.94
2023-03-03-04:32:22.561-UTC 64.00 64.87 64.67 64.87 62.34 63.74 66.13 63.94
2023-03-03-04:32:22.717-UTC 64.00 64.87 64.67 64.87 62.34 63.74 66.13 63.94
2023-03-03-04:32:22.874-UTC 64.00 64.87 64.73 64.87 62.34 63.74 66.13 63.94
2023-03-03-04:32:23.033-UTC 64.00 64.87 64.99 64.87 62.34 63.74 66.13 63.94
2023-03-03-04:32:23.193-UTC 64.00 64.87 65.06 64.87 62.00 63.74 66.13 63.94
2023-03-03-04:32:23.352-UTC 64.00 64.87 64.67 64.87 62.34 63.74 66.13 63.94
2023-03-03-04:32:23.508-UTC 64.00 64.87 64.73 64.87 62.34 63.74 66.13 63.94
2023-03-03-04:32:23.677-UTC 64.00 64.87 64.73 64.59 62.00 63.74 66.13 63.94
2023-03-03-04:32:23.880-UTC 64.00 64.87 64.67 64.87 62.00 63.74 66.13 63.94
2023-03-03-04:32:24.079-UTC 64.00 64.87 64.67 64.87 62.34 63.74 66.13 63.94
2023-03-03-04:32:24.279-UTC 64.00 64.87 64.67 64.87 62.00 63.74 66.13 63.94
2023-03-03-04:32:24.475-UTC 64.00 64.87 64.67 64.87 62.34 63.74 66.13 64.26
2023-03-03-04:32:24.667-UTC 69.74 67.59 64.67 70.03 62.00 63.74 70.11 63.94
2023-03-03-04:32:26.413-UTC 69.74 67.91 64.67 70.03 62.00 63.74 70.11 63.94
2023-03-03-04:32:26.569-UTC 65.19 67.59 64.73 70.03 62.00 63.74 70.11 63.94
2023-03-03-04:32:26.723-UTC 64.00 67.59 64.67 70.03 62.00 63.74 70.11 63.94
2023-03-03-04:32:26.877-UTC 64.00 64.87 64.67 70.03 62.00 63.74 70.11 63.94
2023-03-03-04:32:27.032-UTC 64.00 64.87 64.67 70.03 62.00 63.74 70.11 63.94
2023-03-03-04:32:27.188-UTC 64.00 64.87 64.67 70.03 62.00 63.74 70.11 63.94
2023-03-03-04:32:27.346-UTC 64.00 64.87 64.67 64.87 62.00 63.74 70.11 63.94
2023-03-03-04:32:27.505-UTC 64.00 64.87 64.73 64.87 62.00 63.74 70.11 63.94
2023-03-03-04:32:27.664-UTC 64.00 64.87 64.73 64.87 62.00 63.74 70.11 63.94
2023-03-03-04:32:27.825-UTC 64.00 64.87 64.73 64.87 62.00 63.74 70.11 63.94
2023-03-03-04:32:27.983-UTC 64.00 64.87 64.73 64.59 62.00 63.74 66.13 63.94
2023-03-03-04:32:28.142-UTC 64.00 64.87 64.67 64.87 62.00 63.74 66.13 63.94
2023-03-03-04:32:28.301-UTC 64.00 64.87 64.73 64.59 62.00 63.74 66.13 63.94
2023-03-03-04:32:28.459-UTC 64.00 64.87 64.73 64.59 62.00 63.74 66.13 63.94
2023-03-03-04:32:28.621-UTC 64.00 64.87 64.73 64.87 62.00 63.74 66.13 63.94
2023-03-03-04:32:28.776-UTC 64.00 64.87 64.73 64.59 62.00 63.74 66.13 63.94
2023-03-03-04:32:28.933-UTC 64.00 64.87 64.67 64.59 62.00 63.74 66.13 63.94
2023-03-03-04:32:29.095-UTC 64.00 64.87 64.73 64.87 62.00 63.74 66.13 63.94
2023-03-03-04:32:29.254-UTC 64.00 64.87 64.73 64.59 62.00 63.74 65.86 63.94
2023-03-03-04:32:29.415-UTC 64.00 64.87 64.73 64.59 62.00 63.74 65.86 63.94
2023-03-03-04:32:29.570-UTC 64.00 64.87 64.73 64.59 62.00 63.74 66.13 63.94
2023-03-03-04:32:29.726-UTC 64.00 64.87 64.73 64.59 62.00 63.74 66.13 63.94
2023-03-03-04:32:29.884-UTC 64.00 64.87 64.73 64.59 62.00 63.74 66.13 63.94
2023-03-03-04:32:30.041-UTC 64.00 64.87 64.73 64.59 62.00 63.74 65.86 63.94
2023-03-03-04:32:30.200-UTC 64.00 64.87 64.67 64.59 62.00 63.74 66.13 63.94
2023-03-03-04:32:30.361-UTC 64.00 64.87 64.73 64.59 62.00 63.74 66.13 63.94
2023-03-03-04:32:30.520-UTC 64.00 64.87 64.67 64.59 62.00 63.74 66.13 63.94
2023-03-03-04:32:30.677-UTC 64.00 64.87 64.67 64.59 62.00 63.74 66.13 63.94
2023-03-03-04:32:30.833-UTC 64.00 64.87 64.73 64.59 62.00 63.74 65.86 63.94
2023-03-03-04:32:30.994-UTC 64.00 64.87 64.67 64.59 62.00 63.74 65.86 63.94
2023-03-03-04:32:31.151-UTC 64.00 64.87 64.67 64.59 62.00 63.74 65.86 63.94
2023-03-03-04:32:31.308-UTC 64.00 64.87 64.73 64.59 62.00 63.74 65.86 63.94
2023-03-03-04:32:31.465-UTC 64.00 64.87 64.73 64.59 62.00 63.74 65.86 63.94
2023-03-03-04:32:31.621-UTC 64.00 64.87 64.73 64.59 62.00 63.74 65.86 63.94
2023-03-03-04:32:31.785-UTC 64.00 64.87 64.73 64.59 62.00 63.74 65.86 63.94
2023-03-03-04:32:31.946-UTC 64.00 64.87 64.73 64.59 62.00 63.74 65.86 63.94
2023-03-03-04:32:32.104-UTC 64.00 64.87 64.67 64.59 62.00 63.74 65.86 63.94
2023-03-03-04:32:32.262-UTC 64.00 64.87 64.67 64.59 62.00 63.74 65.86 63.94
2023-03-03-04:32:32.420-UTC 64.00 64.87 64.73 64.59 62.00 63.74 65.86 63.94
2023-03-03-04:32:32.578-UTC 64.00 64.87 64.67 64.59 62.00 63.74 65.86 63.94
2023-03-03-04:32:32.735-UTC 64.00 64.87 64.67 64.59 62.00 63.74 65.86 63.94
2023-03-03-04:32:32.893-UTC 64.00 64.87 64.73 64.59 62.00 63.74 65.86 63.94
2023-03-03-04:32:33.052-UTC 64.00 64.87 64.73 64.59 62.00 63.74 65.86 63.94
2023-03-03-04:32:33.211-UTC 64.00 64.87 64.73 64.59 62.00 63.74 65.86 63.94
2023-03-03-04:32:33.367-UTC 64.00 64.87 64.73 64.59 62.00 63.74 65.86 63.94
2023-03-03-04:32:33.525-UTC 64.00 64.87 64.73 64.59 62.00 63.74 65.86 63.94
2023-03-03-04:32:33.682-UTC 64.00 64.87 64.73 64.59 62.00 63.47 65.86 63.94
2023-03-03-04:32:33.838-UTC 64.00 64.87 64.73 64.59 62.00 63.74 65.86 63.94
2023-03-03-04:32:33.997-UTC 64.00 64.87 64.73 64.59 62.00 63.74 65.86 63.94
2023-03-03-04:32:34.158-UTC 64.00 64.87 64.67 64.59 62.00 63.74 65.86 63.94
2023-03-03-04:32:34.319-UTC 64.00 64.87 64.67 64.59 62.00 63.47 65.86 63.94
2023-03-03-04:32:34.480-UTC 64.00 64.87 64.73 64.59 62.00 63.15 65.86 63.94
2023-03-03-04:32:34.642-UTC 64.00 64.87 64.73 64.59 62.00 63.15 65.86 63.94
2023-03-03-04:32:34.802-UTC 64.00 64.87 64.73 64.59 62.00 63.15 65.86 63.94
2023-03-03-04:32:34.961-UTC 64.00 64.59 64.73 64.59 62.00 63.15 65.86 63.94
2023-03-03-04:32:35.119-UTC 64.00 64.87 64.73 64.59 62.00 63.47 65.86 63.94
2023-03-03-04:32:35.278-UTC 64.00 64.87 64.73 64.59 62.00 63.47 65.86 63.94
2023-03-03-04:32:35.437-UTC 64.00 64.59 64.73 64.59 62.00 63.47 65.86 63.94
2023-03-03-04:32:35.595-UTC 64.00 64.59 64.73 64.59 62.00 63.74 65.86 63.94
2023-03-03-04:32:35.753-UTC 64.00 64.87 64.73 64.59 62.00 63.47 65.86 63.94
2023-03-03-04:32:35.911-UTC 64.00 64.59 64.67 64.59 62.00 63.47 65.86 63.94
2023-03-03-04:32:36.069-UTC 64.00 64.59 64.67 64.59 62.00 63.47 65.86 63.94
2023-03-03-04:32:36.228-UTC 64.00 64.59 64.73 64.59 62.00 63.47 65.86 63.94
2023-03-03-04:32:36.389-UTC 64.00 64.59 64.73 64.59 62.00 63.47 65.86 63.94
2023-03-03-04:32:36.550-UTC 64.00 64.59 64.67 64.59 62.00 63.47 65.86 63.94
2023-03-03-04:32:36.715-UTC 64.00 64.87 64.67 64.59 62.00 63.74 65.86 63.94
2023-03-03-04:32:36.874-UTC 64.00 64.59 64.73 64.59 62.00 63.47 65.86 63.94
2023-03-03-04:32:37.036-UTC 64.00 64.59 64.73 64.59 62.00 63.47 65.86 63.94
2023-03-03-04:32:37.196-UTC 64.00 64.59 64.73 64.59 62.00 63.47 65.86 63.94
2023-03-03-04:32:37.354-UTC 64.00 64.59 64.73 64.59 62.00 63.47 65.86 63.94
2023-03-03-04:32:37.517-UTC 64.00 64.59 64.67 64.59 62.00 63.47 65.86 63.94
2023-03-03-04:32:37.680-UTC 64.00 64.59 64.73 64.59 62.00 63.47 65.86 63.94
2023-03-03-04:32:37.838-UTC 64.00 64.59 64.67 64.59 62.00 63.47 65.86 63.94
2023-03-03-04:32:37.995-UTC 64.00 64.59 64.67 64.59 62.00 63.47 65.86 63.94
2023-03-03-04:32:38.154-UTC 64.00 64.59 64.73 64.59 62.00 63.47 65.86 63.94
2023-03-03-04:32:38.314-UTC 64.00 64.59 64.67 64.59 62.00 63.47 65.86 63.94
2023-03-03-04:32:38.474-UTC 64.00 64.59 64.67 64.59 62.00 63.47 65.86 63.94
2023-03-03-04:32:38.630-UTC 64.00 64.59 64.73 64.59 62.00 63.47 65.86 63.94
2023-03-03-04:32:38.786-UTC 64.00 64.59 64.73 64.59 62.00 63.47 65.86 63.94
2023-03-03-04:32:38.943-UTC 64.00 64.59 64.73 64.59 62.00 63.47 65.86 63.94
2023-03-03-04:32:39.101-UTC 64.00 64.59 64.73 64.59 62.00 63.47 65.86 63.94
2023-03-03-04:32:39.260-UTC 64.00 64.59 64.73 64.59 62.00 63.47 65.86 63.94
2023-03-03-04:32:39.419-UTC 64.00 64.59 64.67 64.59 62.00 63.47 65.86 63.94
2023-03-03-04:32:39.581-UTC 64.00 64.59 64.73 64.59 62.00 63.47 65.86 63.94
2023-03-03-04:32:39.736-UTC 64.00 64.59 64.73 64.59 62.00 63.47 65.86 63.94
2023-03-03-04:32:39.892-UTC 64.00 64.59 64.73 64.59 62.00 63.47 65.86 63.94
2023-03-03-04:32:40.050-UTC 64.00 64.59 64.67 64.59 62.00 63.47 65.86 63.94
2023-03-03-04:32:40.208-UTC 64.00 64.59 64.73 64.59 62.00 63.47 65.86 63.94
2023-03-03-04:32:40.368-UTC 64.00 64.59 64.73 64.59 62.00 63.47 65.86 63.94
2023-03-03-04:32:40.527-UTC 64.00 64.59 64.73 64.59 62.00 63.47 65.86 63.94
2023-03-03-04:32:40.686-UTC 64.00 64.59 64.73 64.59 62.00 63.47 65.86 63.94
2023-03-03-04:32:40.864-UTC 64.00 64.59 64.73 64.59 62.00 63.47 65.86 63.94
2023-03-03-04:32:41.020-UTC 64.00 64.59 64.73 64.59 62.00 63.47 65.86 63.94
2023-03-03-04:32:41.178-UTC 64.00 64.59 64.67 64.59 62.00 63.47 65.86 63.94
2023-03-03-04:32:41.339-UTC 64.00 64.59 64.73 64.59 62.00 63.47 65.86 63.94
2023-03-03-04:32:41.499-UTC 64.00 64.59 64.45 64.59 62.00 63.47 65.86 63.94
2023-03-03-04:32:41.734-UTC 64.00 64.59 64.73 64.59 62.00 63.47 65.86 63.94
2023-03-03-04:32:41.895-UTC 64.00 64.59 64.45 64.59 62.00 63.47 65.86 63.94
2023-03-03-04:32:42.051-UTC 64.00 64.59 64.45 64.59 62.00 63.47 65.86 63.94
2023-03-03-04:32:42.207-UTC 64.00 64.59 64.73 64.59 62.00 63.47 65.86 63.94
2023-03-03-04:32:42.363-UTC 64.00 64.59 64.45 64.59 62.00 63.47 65.86 63.94
2023-03-03-04:32:42.525-UTC 64.00 64.59 64.73 64.59 62.00 63.47 65.86 63.94
2023-03-03-04:32:42.685-UTC 64.00 64.59 64.45 64.59 62.00 63.47 65.86 63.94
2023-03-03-04:32:42.842-UTC 64.00 64.59 64.45 64.59 62.00 63.47 65.86 63.94
2023-03-03-04:32:42.999-UTC 64.00 64.59 64.45 64.59 62.00 63.47 65.86 63.94
2023-03-03-04:32:43.156-UTC 63.67 64.59 64.45 64.59 62.00 63.47 65.86 63.94
2023-03-03-04:32:43.315-UTC 64.00 64.59 64.73 64.59 62.00 63.47 65.86 63.94
2023-03-03-04:32:43.481-UTC 64.00 64.59 64.73 64.59 62.00 63.47 65.86 63.94
2023-03-03-04:32:43.644-UTC 64.00 64.59 64.73 64.59 62.00 63.47 65.86 63.94
2023-03-03-04:32:43.803-UTC 64.00 64.59 64.39 64.59 62.00 63.47 65.86 63.94
2023-03-03-04:32:43.964-UTC 64.00 64.59 64.67 64.59 62.00 63.47 65.86 63.94
2023-03-03-04:32:44.125-UTC 63.67 64.59 64.73 64.59 62.00 63.47 65.86 64.00
2023-03-03-04:32:44.288-UTC 64.00 64.59 64.73 64.59 62.00 63.47 65.86 63.94
2023-03-03-04:32:44.448-UTC 64.00 64.59 64.45 64.59 62.00 63.47 65.86 63.94
2023-03-03-04:32:44.608-UTC 64.00 64.59 64.73 64.59 62.00 63.47 65.86 63.94
2023-03-03-04:32:44.915-UTC 64.00 64.59 64.73 64.59 62.00 63.47 65.86 63.94
2023-03-03-04:32:45.598-UTC 64.00 64.59 64.73 64.59 62.00 63.47 65.86 63.94
2023-03-03-04:32:46.187-UTC 64.00 64.59 64.45 64.59 62.00 63.47 65.86 63.94
2023-03-03-04:32:46.554-UTC 63.67 64.59 64.45 64.59 62.00 63.47 65.86 64.00
2023-03-03-04:32:47.281-UTC 63.67 64.59 64.45 64.59 62.00 63.47 65.86 63.94
2023-03-03-04:32:48.177-UTC 63.67 64.59 64.45 64.59 62.00 63.47 65.53 63.94
2023-03-03-04:32:48.860-UTC 63.67 64.59 64.45 64.59 62.00 63.47 65.86 63.94
2023-03-03-04:32:49.317-UTC 64.00 64.59 64.39 64.59 62.00 63.47 65.86 63.94
2023-03-03-04:32:49.490-UTC 63.67 64.59 64.45 64.59 62.00 63.47 65.53 63.94
2023-03-03-04:32:49.653-UTC 63.67 64.59 64.45 64.59 62.00 63.47 65.53 63.94
2023-03-03-04:32:49.815-UTC 63.67 64.59 64.45 64.59 62.00 63.47 65.53 63.94
2023-03-03-04:32:49.976-UTC 63.67 64.59 64.45 64.59 62.00 63.47 65.86 63.94
2023-03-03-04:32:50.140-UTC 64.00 64.59 64.45 64.59 62.00 63.47 65.86 63.94
2023-03-03-04:32:50.302-UTC 63.67 64.59 64.39 64.59 62.00 63.47 65.53 63.94
2023-03-03-04:32:50.463-UTC 63.67 64.59 64.39 64.59 62.00 63.47 65.53 63.94
2023-03-03-04:32:50.622-UTC 63.67 64.59 64.39 64.59 62.00 63.47 65.53 63.94
2023-03-03-04:32:50.783-UTC 63.67 64.59 64.45 64.59 62.00 63.47 65.53 63.94
2023-03-03-04:32:50.995-UTC 63.67 64.59 64.39 64.59 62.00 63.47 65.53 63.94
2023-03-03-04:32:51.156-UTC 63.67 64.59 64.45 64.59 62.00 63.47 65.53 63.94
2023-03-03-04:32:51.315-UTC 64.00 64.59 64.45 64.59 62.00 63.47 65.53 63.94
2023-03-03-04:32:51.475-UTC 73.98 64.59 74.92 73.96 72.06 73.46 75.89 74.29
2023-03-03-04:32:52.028-UTC 73.98 75.15 75.25 74.29 72.06 73.46 75.89 74.56
2023-03-03-04:32:52.734-UTC 73.98 75.15 74.92 74.29 72.06 73.46 76.16 74.56
2023-03-03-04:32:52.887-UTC 74.25 75.15 75.25 74.29 72.39 73.46 76.16 74.56
2023-03-03-04:32:53.036-UTC 73.98 75.15 75.00 74.29 72.06 73.46 75.89 74.56
2023-03-03-04:32:53.186-UTC 73.98 75.15 74.92 74.29 72.39 73.73 76.16 74.56
2023-03-03-04:32:53.333-UTC 73.98 75.15 75.00 74.29 72.39 73.46 76.16 74.56
2023-03-03-04:32:53.481-UTC 74.57 75.15 75.25 74.56 72.39 73.73 76.49 74.88
2023-03-03-04:32:53.657-UTC 74.25 75.48 74.92 74.29 72.39 73.46 76.16 74.56
2023-03-03-04:32:53.812-UTC 74.25 74.88 74.92 74.29 72.39 73.46 76.16 74.56
2023-03-03-04:32:53.958-UTC 92.69 75.15 74.92 74.29 72.39 73.46 76.16 74.56
2023-03-03-04:32:54.931-UTC 92.69 75.08 74.92 91.45 77.52 91.17 92.84 74.56
2023-03-03-04:32:55.973-UTC 93.02 74.81 74.92 91.79 77.52 91.17 93.50 93.07
2023-03-03-04:32:56.162-UTC 73.98 75.15 75.25 91.55 77.85 91.77 93.77 93.07
2023-03-03-04:32:56.499-UTC 74.25 75.15 100.93 99.02 105.43 93.02 94.70 119.64
2023-03-03-04:32:56.654-UTC 74.25 75.15 74.92 91.45 77.52 91.26 93.77 92.75
2023-03-03-04:32:56.798-UTC 74.25 75.15 74.92 75.48 77.52 91.50 93.77 93.07
2023-03-03-04:32:56.942-UTC 73.98 75.15 75.00 74.88 77.52 91.50 93.77 93.07
2023-03-03-04:32:57.085-UTC 74.25 74.88 74.92 74.29 72.98 91.60 93.77 93.07
2023-03-03-04:32:57.231-UTC 73.98 74.88 75.00 74.29 72.39 91.50 93.77 93.07
2023-03-03-04:32:57.498-UTC 74.25 75.08 74.92 75.48 72.39 74.57 84.99 93.07
2023-03-03-04:32:57.646-UTC 73.98 74.88 74.92 75.40 72.06 73.73 76.16 93.07
2023-03-03-04:32:57.789-UTC 73.98 75.15 74.92 75.48 72.06 73.46 76.16 93.07
2023-03-03-04:32:57.934-UTC 74.25 74.88 74.92 75.48 72.06 73.46 76.16 93.07
2023-03-03-04:32:58.076-UTC 74.25 74.88 74.92 75.48 72.06 73.46 76.16 93.07
2023-03-03-04:32:58.218-UTC 73.98 74.88 74.92 75.48 72.06 73.46 75.89 93.07
2023-03-03-04:32:58.362-UTC 73.98 74.88 74.92 75.48 72.06 73.46 76.16 93.07
2023-03-03-04:32:58.506-UTC 73.98 74.88 74.92 75.48 72.06 73.46 76.16 93.07
2023-03-03-04:32:58.647-UTC 73.98 74.81 74.92 75.48 72.06 73.38 75.89 93.07
2023-03-03-04:32:58.792-UTC 73.98 74.88 74.92 75.48 72.06 73.46 76.16 93.07
2023-03-03-04:32:58.939-UTC 73.98 74.88 75.00 75.48 72.39 73.46 76.16 93.07
2023-03-03-04:32:59.081-UTC 73.98 74.88 75.00 75.48 72.06 73.46 75.89 76.41
2023-03-03-04:32:59.226-UTC 73.98 74.88 75.00 74.29 72.06 73.46 75.89 74.56
2023-03-03-04:32:59.371-UTC 73.98 74.88 74.92 74.29 72.06 73.46 75.89 74.56
2023-03-03-04:32:59.512-UTC 74.25 74.88 74.92 74.29 72.06 73.46 75.89 74.56
2023-03-03-04:32:59.653-UTC 73.98 74.88 74.92 74.29 72.06 73.46 75.89 74.56
2023-03-03-04:32:59.797-UTC 73.98 74.88 74.92 74.29 72.06 73.46 75.89 74.56
2023-03-03-04:32:59.944-UTC 73.98 74.88 74.92 74.29 72.06 73.46 75.89 74.56
2023-03-03-04:33:00.088-UTC 73.98 74.88 74.92 74.29 72.06 73.46 76.16 74.56
2023-03-03-04:33:00.234-UTC 73.98 74.88 74.92 74.29 72.06 73.46 75.89 74.56
2023-03-03-04:33:00.377-UTC 73.98 74.88 74.92 74.29 72.06 73.38 75.89 74.56
2023-03-03-04:33:00.588-UTC 74.25 75.15 74.92 74.29 72.39 73.46 76.16 74.56
2023-03-03-04:33:00.754-UTC 73.98 75.15 74.92 74.29 72.06 73.46 75.89 74.56
2023-03-03-04:33:00.965-UTC 74.25 74.88 75.00 74.29 72.06 73.46 76.16 74.56
2023-03-03-04:33:01.127-UTC 74.25 75.15 74.92 74.29 72.06 73.46 75.89 74.56
2023-03-03-04:33:01.299-UTC 73.98 74.88 74.92 74.29 72.39 73.46 76.16 74.56
2023-03-03-04:33:01.463-UTC 74.25 75.15 74.92 74.29 72.39 73.46 76.16 74.56
2023-03-03-04:33:01.628-UTC 74.17 309.52 254.59 133.56 96.70 73.38 88.00 107.94
2023-03-03-04:33:02.013-UTC 319.71 80.14 85.09 107.50 73.74 169.46 318.05 77.44
2023-03-03-04:33:02.654-UTC 78.48 79.98 84.92 75.15 72.98 80.68 79.48 74.88
2023-03-03-04:33:02.804-UTC 78.48 80.33 85.51 75.15 72.98 80.40 79.21 74.88
2023-03-03-04:33:02.955-UTC 79.07 79.74 84.64 75.15 73.26 81.28 79.21 74.88
2023-03-03-04:33:03.147-UTC 78.48 81.86 84.64 74.88 72.98 80.08 78.89 74.56
2023-03-03-04:33:03.702-UTC 96.00 96.13 97.03 94.51 74.19 94.21 76.16 96.13
2023-03-03-04:33:04.675-UTC 96.00 96.03 97.03 94.51 93.36 94.21 76.16 96.13
2023-03-03-04:33:05.004-UTC 96.00 95.70 97.03 94.51 93.04 94.21 78.01 96.13
2023-03-03-04:33:05.337-UTC 96.00 96.03 97.03 94.51 93.04 94.21 88.32 96.13
2023-03-03-04:33:05.482-UTC 96.00 94.78 97.03 94.51 93.36 94.21 96.50 96.13
2023-03-03-04:33:05.626-UTC 96.00 92.98 97.03 94.51 93.36 94.48 96.50 96.13
2023-03-03-04:33:05.774-UTC 96.00 92.98 93.98 94.51 93.04 94.21 96.82 96.13
2023-03-03-04:33:05.918-UTC 96.00 93.07 93.98 94.51 93.36 94.21 96.82 96.13
2023-03-03-04:33:06.068-UTC 96.00 93.07 93.98 91.45 93.36 94.58 96.82 96.13
2023-03-03-04:33:06.210-UTC 93.02 92.98 93.98 91.45 93.04 94.21 96.82 96.13
2023-03-03-04:33:06.349-UTC 93.02 92.98 93.98 91.45 93.36 94.21 96.82 93.07
2023-03-03-04:33:06.489-UTC 93.02 92.98 93.98 91.45 93.04 91.60 96.82 93.07
2023-03-03-04:33:06.640-UTC 93.02 92.98 93.98 91.45 90.03 91.50 96.82 93.07
2023-03-03-04:33:06.780-UTC 93.02 92.98 93.98 91.45 90.03 91.50 96.82 93.07
2023-03-03-04:33:06.919-UTC 93.02 92.98 93.98 91.45 90.03 91.60 96.82 93.07
2023-03-03-04:33:07.067-UTC 93.02 92.98 93.98 91.45 90.30 91.50 96.82 93.07
2023-03-03-04:33:07.212-UTC 93.02 93.07 93.98 91.45 90.03 91.50 96.82 93.07
2023-03-03-04:33:07.351-UTC 93.02 81.86 93.98 91.45 90.03 91.50 94.37 93.07
2023-03-03-04:33:07.491-UTC 93.02 65.19 93.98 91.45 90.03 91.50 93.77 93.07
2023-03-03-04:33:07.633-UTC 93.02 64.87 64.99 91.55 90.03 91.50 93.77 93.07
2023-03-03-04:33:07.782-UTC 92.69 64.87 64.99 91.45 90.03 91.50 93.77 93.07
2023-03-03-04:33:07.929-UTC 93.02 64.59 64.67 66.99 90.30 91.50 93.77 93.07
2023-03-03-04:33:08.084-UTC 64.60 64.59 64.73 64.87 90.03 91.50 93.77 93.07
2023-03-03-04:33:08.238-UTC 64.32 64.59 64.73 64.59 90.03 64.39 93.77 64.59
2023-03-03-04:33:08.395-UTC 64.32 64.59 64.45 64.87 65.39 64.39 93.77 64.26
2023-03-03-04:33:08.561-UTC 64.32 64.59 64.45 64.59 62.66 64.06 93.77 64.26
2023-03-03-04:33:08.717-UTC 64.00 64.26 64.45 64.59 62.66 64.06 93.77 63.94
2023-03-03-04:33:08.877-UTC 64.00 64.59 64.45 64.59 62.34 63.74 93.77 63.94
2023-03-03-04:33:09.037-UTC 64.00 64.26 64.39 64.59 62.34 63.74 93.77 63.94
2023-03-03-04:33:09.195-UTC 64.00 64.26 64.45 64.59 62.00 63.74 66.78 63.94
2023-03-03-04:33:09.354-UTC 64.00 64.26 64.45 64.59 62.00 63.47 66.13 63.94
2023-03-03-04:33:09.514-UTC 64.00 64.26 64.45 64.59 62.00 63.47 66.13 63.94
2023-03-03-04:33:09.672-UTC 64.00 64.59 64.45 64.59 62.00 63.47 65.86 63.94
2023-03-03-04:33:09.831-UTC 64.00 64.59 64.45 64.59 62.00 63.47 65.86 63.94
2023-03-03-04:33:09.990-UTC 64.00 64.26 64.45 64.59 62.00 63.47 65.53 63.94
2023-03-03-04:33:10.148-UTC 64.00 64.26 64.45 64.59 62.00 63.47 65.86 63.94
2023-03-03-04:33:10.308-UTC 63.67 64.26 64.45 64.59 62.00 63.47 65.53 63.94
2023-03-03-04:33:10.466-UTC 64.00 64.26 64.45 64.59 62.00 63.47 65.53 63.94
2023-03-03-04:33:10.621-UTC 64.00 64.26 64.45 64.59 62.00 63.47 65.53 63.94
2023-03-03-04:33:10.777-UTC 64.00 64.26 64.45 64.59 62.00 63.47 65.53 63.94
2023-03-03-04:33:10.936-UTC 63.67 64.26 64.45 64.59 62.00 63.47 65.53 63.94
2023-03-03-04:33:11.093-UTC 64.00 64.26 64.45 64.59 62.00 63.47 65.53 63.94
2023-03-03-04:33:11.250-UTC 63.67 64.26 64.45 64.26 62.00 63.47 65.53 63.94
2023-03-03-04:33:11.407-UTC 64.00 64.26 64.45 64.59 62.00 63.47 65.53 63.94
2023-03-03-04:33:11.562-UTC 63.67 64.26 64.45 64.26 61.73 63.47 65.53 63.94
2023-03-03-04:33:11.719-UTC 63.67 64.26 64.45 64.26 62.00 63.47 65.53 63.94
2023-03-03-04:33:11.874-UTC 63.67 64.26 64.45 64.26 62.00 63.47 65.53 63.94
2023-03-03-04:33:12.033-UTC 64.00 64.26 64.45 64.59 61.73 63.47 65.53 63.94
2023-03-03-04:33:12.192-UTC 63.67 64.26 64.45 64.59 62.00 63.47 65.53 63.94
2023-03-03-04:33:12.351-UTC 63.67 64.26 64.45 64.26 62.00 63.47 65.53 63.94
2023-03-03-04:33:12.507-UTC 63.67 64.26 64.45 64.59 62.00 63.47 65.53 63.94
2023-03-03-04:33:12.664-UTC 63.67 64.26 64.45 64.26 61.73 63.47 65.53 63.94
2023-03-03-04:33:12.819-UTC 63.67 64.26 64.45 64.59 62.00 63.47 65.53 63.67
2023-03-03-04:33:12.975-UTC 63.67 64.26 64.45 64.59 62.00 63.47 65.53 63.94
2023-03-03-04:33:13.138-UTC 64.00 64.26 64.45 64.26 62.00 63.47 65.53 63.94
2023-03-03-04:33:13.297-UTC 63.67 64.26 64.45 64.59 62.00 63.15 65.53 63.94
2023-03-03-04:33:13.452-UTC 63.67 64.26 64.45 64.26 62.00 63.15 65.53 63.94
2023-03-03-04:33:13.609-UTC 63.67 64.26 64.45 64.26 61.73 63.47 65.53 63.94
2023-03-03-04:33:13.765-UTC 63.67 64.26 64.45 64.26 62.00 63.47 65.53 63.94
2023-03-03-04:33:13.922-UTC 63.67 64.26 64.45 64.26 62.00 63.47 65.53 63.67
2023-03-03-04:33:14.082-UTC 63.67 64.26 64.45 64.26 62.00 63.47 65.53 63.94
2023-03-03-04:33:14.243-UTC 63.67 64.26 64.45 64.26 61.73 63.47 65.53 63.94
2023-03-03-04:33:14.403-UTC 63.67 64.26 64.45 64.26 62.00 63.47 65.53 63.94
2023-03-03-04:33:14.563-UTC 63.67 64.26 64.45 64.26 62.00 63.47 65.53 63.94
2023-03-03-04:33:14.718-UTC 63.67 64.26 64.45 64.26 62.00 63.47 65.53 63.94
2023-03-03-04:33:14.875-UTC 63.67 64.26 64.45 64.26 62.00 63.47 65.53 63.94
2023-03-03-04:33:15.031-UTC 63.67 64.26 64.45 64.26 62.00 63.47 65.53 63.94
2023-03-03-04:33:15.193-UTC 63.67 64.26 64.45 64.26 61.73 63.15 65.53 63.94
2023-03-03-04:33:15.352-UTC 63.67 64.26 64.45 64.26 62.00 63.15 65.53 63.67
2023-03-03-04:33:15.510-UTC 63.67 64.26 64.45 64.26 62.00 63.15 65.53 63.67
2023-03-03-04:33:15.667-UTC 63.67 64.26 64.45 64.26 61.73 63.47 65.53 63.94
2023-03-03-04:33:15.823-UTC 63.67 64.26 64.45 64.26 61.73 63.47 65.53 63.67
2023-03-03-04:33:15.981-UTC 63.67 64.26 64.45 64.26 61.73 63.15 65.53 63.94
2023-03-03-04:33:16.139-UTC 63.67 64.26 64.45 64.26 61.73 63.15 65.53 63.67
2023-03-03-04:33:16.296-UTC 63.67 64.26 64.45 64.26 61.73 63.15 65.86 63.67
2023-03-03-04:33:16.454-UTC 63.67 64.26 64.45 64.26 61.73 63.15 65.86 63.94
2023-03-03-04:33:16.613-UTC 63.67 64.26 64.45 64.26 61.73 63.15 65.86 63.94
2023-03-03-04:33:16.774-UTC 63.67 64.26 64.45 64.26 62.00 63.15 65.86 63.67
2023-03-03-04:33:16.933-UTC 63.67 64.26 64.45 64.26 61.73 63.15 65.86 63.94
2023-03-03-04:33:17.091-UTC 63.67 64.26 64.45 64.26 62.00 63.15 65.86 63.67
2023-03-03-04:33:17.250-UTC 63.67 64.26 64.45 64.26 61.73 63.15 65.86 63.67
2023-03-03-04:33:17.407-UTC 63.67 64.26 64.45 64.26 61.73 63.15 65.86 63.94
2023-03-03-04:33:17.564-UTC 63.67 64.26 64.45 64.26 62.00 63.15 65.86 63.67
2023-03-03-04:33:17.721-UTC 63.67 64.26 64.45 64.26 61.73 63.15 65.86 63.67
2023-03-03-04:33:17.880-UTC 63.67 64.26 64.45 64.26 61.73 63.15 65.86 63.67
2023-03-03-04:33:18.036-UTC 63.67 64.26 64.45 64.26 61.73 63.15 65.86 63.67
2023-03-03-04:33:18.196-UTC 63.67 64.26 64.45 64.26 61.73 63.15 65.86 63.67
2023-03-03-04:33:18.358-UTC 63.67 64.26 64.45 64.26 61.73 63.15 65.86 63.67
2023-03-03-04:33:18.519-UTC 63.67 64.26 64.45 64.26 61.73 63.15 65.86 63.73
2023-03-03-04:33:18.677-UTC 63.67 64.26 64.45 64.26 61.73 63.15 65.86 63.67
2023-03-03-04:33:18.836-UTC 63.67 64.26 64.45 64.26 61.73 63.15 65.86 63.67
2023-03-03-04:33:18.993-UTC 63.67 64.26 64.45 64.26 61.73 63.15 65.86 63.67
2023-03-03-04:33:19.151-UTC 63.67 64.26 64.45 64.26 61.73 63.15 65.86 63.94
2023-03-03-04:33:19.310-UTC 63.67 64.26 64.45 64.26 61.73 63.15 65.92 63.67
2023-03-03-04:33:19.470-UTC 63.67 64.26 64.45 64.26 61.73 63.15 65.86 63.67
2023-03-03-04:33:19.630-UTC 63.67 64.26 64.45 64.26 61.73 63.15 65.86 63.67
2023-03-03-04:33:19.790-UTC 63.67 64.26 64.45 64.26 62.00 63.15 65.86 63.67
2023-03-03-04:33:19.948-UTC 63.67 64.26 64.45 64.26 61.73 63.15 65.86 63.67
2023-03-03-04:33:20.106-UTC 63.67 64.26 64.45 64.26 61.73 63.15 65.86 63.67
2023-03-03-04:33:20.265-UTC 63.67 64.26 64.13 64.26 62.00 63.15 65.86 63.67
2023-03-03-04:33:20.421-UTC 63.67 64.26 64.45 64.26 61.73 63.15 65.86 63.67
2023-03-03-04:33:20.578-UTC 63.67 64.26 64.45 64.26 62.00 63.15 65.86 63.94
2023-03-03-04:33:20.738-UTC 63.67 64.26 64.45 64.26 61.73 63.15 65.86 63.67
2023-03-03-04:33:20.900-UTC 63.67 64.26 64.45 64.26 61.73 63.15 65.92 63.67
2023-03-03-04:33:21.060-UTC 63.67 64.26 64.45 64.26 61.73 63.15 65.86 63.67
2023-03-03-04:33:21.221-UTC 63.67 64.26 64.45 64.26 61.73 63.15 65.86 63.67
2023-03-03-04:33:21.379-UTC 63.67 64.26 64.45 64.26 61.73 63.15 65.86 63.73
2023-03-03-04:33:21.540-UTC 63.67 64.26 64.13 64.26 61.73 63.15 65.86 63.67
2023-03-03-04:33:21.701-UTC 63.67 64.26 64.45 64.26 61.73 63.15 65.86 63.67
2023-03-03-04:33:21.864-UTC 63.67 64.26 64.13 64.26 61.73 63.15 65.86 63.67
2023-03-03-04:33:22.022-UTC 63.67 64.26 64.45 64.26 61.73 63.15 65.86 63.67
2023-03-03-04:33:22.183-UTC 63.67 64.26 64.45 64.26 61.73 63.15 65.86 63.67
2023-03-03-04:33:22.346-UTC 63.67 64.26 64.13 64.26 61.73 63.15 65.86 63.67
2023-03-03-04:33:22.507-UTC 63.67 63.94 64.45 64.26 61.73 63.15 65.86 63.67
2023-03-03-04:33:22.667-UTC 63.67 64.26 64.13 64.26 61.73 63.15 65.86 63.67
2023-03-03-04:33:22.828-UTC 63.67 64.26 64.13 64.26 61.73 63.15 65.86 63.67
2023-03-03-04:33:22.989-UTC 63.67 64.26 64.13 64.26 61.73 63.15 65.86 63.67
2023-03-03-04:33:23.151-UTC 63.67 64.26 64.13 64.26 61.73 63.15 65.86 63.67
2023-03-03-04:33:23.310-UTC 63.67 64.26 64.45 64.26 61.73 63.15 65.53 63.67
2023-03-03-04:33:23.468-UTC 63.67 64.26 64.13 64.26 61.73 63.15 65.86 63.67
2023-03-03-04:33:23.624-UTC 63.67 64.26 64.45 64.26 61.73 63.15 65.86 63.67
2023-03-03-04:33:23.781-UTC 63.67 64.26 64.45 64.26 61.73 63.15 65.53 63.67
2023-03-03-04:33:23.938-UTC 63.67 64.26 64.13 64.26 61.73 63.15 65.53 63.67
2023-03-03-04:33:24.096-UTC 63.67 64.26 64.45 64.26 61.73 63.15 65.53 63.67
2023-03-03-04:33:24.254-UTC 63.67 64.26 64.13 64.26 61.73 63.15 65.86 63.67
2023-03-03-04:33:24.413-UTC 63.67 64.26 64.45 64.26 61.73 63.15 65.86 63.67
2023-03-03-04:33:24.568-UTC 63.67 63.94 64.13 64.26 61.73 63.15 65.86 63.67
2023-03-03-04:33:24.728-UTC 63.67 64.26 64.45 64.26 61.73 63.15 65.86 63.67
2023-03-03-04:33:24.885-UTC 63.67 64.26 64.13 64.26 61.73 63.15 65.53 63.67
2023-03-03-04:33:25.043-UTC 63.67 64.26 64.13 64.26 61.73 63.15 65.53 63.73
2023-03-03-04:33:25.202-UTC 63.67 64.26 64.45 64.26 61.73 63.15 65.53 63.67
2023-03-03-04:33:25.360-UTC 63.67 64.26 64.13 64.26 61.73 63.15 65.53 63.67
2023-03-03-04:33:25.519-UTC 63.67 64.26 64.13 64.26 61.73 63.15 65.86 63.67
2023-03-03-04:33:25.675-UTC 63.67 64.26 64.13 64.26 61.73 63.15 65.53 63.67
2023-03-03-04:33:25.834-UTC 63.67 63.94 64.13 64.26 61.73 63.15 65.53 63.67
2023-03-03-04:33:25.998-UTC 63.67 64.26 64.45 64.26 61.73 63.15 65.53 63.67
2023-03-03-04:33:26.157-UTC 63.67 64.26 64.13 64.26 61.73 63.15 65.53 63.67
2023-03-03-04:33:26.317-UTC 63.67 64.26 64.13 64.26 61.73 63.15 65.53 63.67
2023-03-03-04:33:26.490-UTC 63.67 64.26 64.13 64.26 61.73 63.15 65.53 63.73
2023-03-03-04:33:26.704-UTC 63.67 64.26 64.13 64.26 61.73 63.15 65.53 63.67
2023-03-03-04:33:26.900-UTC 63.67 63.94 64.13 64.26 62.00 63.15 65.53 63.67
2023-03-03-04:33:27.140-UTC 63.67 63.94 64.13 64.26 61.73 63.15 65.86 63.67
2023-03-03-04:33:27.339-UTC 63.67 68.51 69.89 69.44 67.52 68.90 73.11 63.94
2023-03-03-04:33:29.136-UTC 63.67 68.51 69.89 69.44 67.52 68.90 73.11 69.44
2023-03-03-04:33:29.288-UTC 63.67 68.51 69.89 69.44 67.52 68.90 73.11 69.44
2023-03-03-04:33:29.441-UTC 63.67 68.51 69.89 69.44 67.52 68.90 73.44 69.44
2023-03-03-04:33:29.590-UTC 63.67 68.51 69.89 69.44 67.52 68.90 73.44 69.71
2023-03-03-04:33:29.742-UTC 63.67 64.26 69.89 69.44 67.52 68.90 73.44 69.44
2023-03-03-04:33:29.894-UTC 63.67 64.26 64.45 69.44 67.52 68.90 73.44 69.44
2023-03-03-04:33:30.046-UTC 63.67 63.94 64.13 64.26 67.52 68.90 73.44 69.44
2023-03-03-04:33:30.204-UTC 63.67 63.94 64.13 64.26 67.80 68.90 73.44 69.71
2023-03-03-04:33:30.359-UTC 63.67 63.94 64.13 64.26 61.73 68.90 73.44 69.71
2023-03-03-04:33:30.515-UTC 63.67 64.26 64.13 64.26 61.73 63.15 73.44 69.71
2023-03-03-04:33:30.671-UTC 63.67 64.26 64.13 64.26 61.73 63.15 65.53 69.71
2023-03-03-04:33:30.829-UTC 63.67 63.94 64.13 64.26 61.73 63.15 65.53 64.26
2023-03-03-04:33:30.988-UTC 63.67 63.94 64.13 64.26 61.73 63.15 65.86 63.67
2023-03-03-04:33:31.151-UTC 63.67 63.94 64.13 64.26 61.73 63.15 65.53 63.67
2023-03-03-04:33:31.310-UTC 63.67 63.94 64.13 64.26 61.73 63.15 65.53 63.67
2023-03-03-04:33:31.471-UTC 63.67 63.94 64.13 64.26 61.73 63.15 65.53 63.67
2023-03-03-04:33:31.629-UTC 63.67 63.94 64.13 64.26 61.73 63.15 65.53 63.67
2023-03-03-04:33:31.787-UTC 63.67 63.94 64.13 64.26 61.73 63.15 65.53 63.67
2023-03-03-04:33:31.943-UTC 63.67 63.94 64.13 64.26 61.73 63.15 65.53 63.67
2023-03-03-04:33:32.101-UTC 63.67 63.94 64.13 64.26 61.73 63.15 65.53 63.67
2023-03-03-04:33:32.260-UTC 63.67 63.94 64.13 64.26 61.73 63.15 65.53 63.73
2023-03-03-04:33:32.418-UTC 63.67 63.94 64.13 64.26 61.73 63.15 65.53 63.67
2023-03-03-04:33:32.577-UTC 63.67 63.94 64.13 64.26 61.73 63.15 65.53 63.67
2023-03-03-04:33:32.738-UTC 63.67 63.94 64.13 64.26 61.73 63.15 65.53 63.67
2023-03-03-04:33:32.896-UTC 63.67 63.94 64.13 64.26 61.73 63.15 65.53 63.67
2023-03-03-04:33:33.056-UTC 63.67 63.94 64.13 64.26 61.73 63.15 65.53 63.67
2023-03-03-04:33:33.217-UTC 63.67 63.94 64.13 64.26 61.73 63.15 65.53 63.67
2023-03-03-04:33:33.377-UTC 63.67 63.94 64.13 64.26 61.73 63.15 65.53 63.67
2023-03-03-04:33:33.536-UTC 63.67 63.94 64.13 64.26 61.73 63.15 65.53 63.67
2023-03-03-04:33:33.693-UTC 63.67 63.94 64.13 64.26 61.73 63.15 65.53 63.67
2023-03-03-04:33:33.855-UTC 63.67 63.94 64.13 64.26 61.73 63.15 65.53 63.67
2023-03-03-04:33:34.012-UTC 63.67 63.94 64.13 64.26 61.73 63.15 65.53 63.67
2023-03-03-04:33:34.170-UTC 63.67 63.94 64.13 64.26 61.73 63.15 65.53 63.67
2023-03-03-04:33:34.326-UTC 63.67 63.94 64.13 64.26 61.73 63.15 65.53 63.67
2023-03-03-04:33:34.487-UTC 63.67 63.94 64.13 64.26 61.73 63.15 65.53 63.67
2023-03-03-04:33:34.643-UTC 63.67 63.94 64.13 64.26 61.73 63.15 65.53 63.67
2023-03-03-04:33:34.799-UTC 63.67 63.94 64.13 64.26 61.73 63.15 65.53 63.67
2023-03-03-04:33:34.956-UTC 63.67 63.94 64.13 64.26 61.73 63.15 65.53 63.67
2023-03-03-04:33:35.115-UTC 63.67 63.94 64.06 64.26 61.73 63.15 65.60 63.67
2023-03-03-04:33:35.276-UTC 63.67 63.94 64.13 64.26 61.73 63.15 65.60 63.67
2023-03-03-04:33:35.434-UTC 63.67 63.94 64.13 64.26 61.73 63.15 65.53 63.67
2023-03-03-04:33:35.593-UTC 63.67 63.94 64.13 64.26 61.73 63.15 65.53 63.67
2023-03-03-04:33:35.753-UTC 63.67 63.94 64.13 64.26 61.73 63.15 65.53 63.67
2023-03-03-04:33:35.910-UTC 63.67 63.94 64.13 64.26 61.73 63.15 65.53 63.67
2023-03-03-04:33:36.068-UTC 63.67 63.94 64.13 64.26 61.73 63.15 65.53 63.67
2023-03-03-04:33:36.225-UTC 63.67 63.94 64.13 64.26 61.73 63.15 65.53 63.67
2023-03-03-04:33:36.384-UTC 63.67 63.94 64.13 64.26 61.73 63.15 65.53 63.73
2023-03-03-04:33:36.543-UTC 63.67 63.94 64.13 64.26 61.73 63.15 65.53 63.67
2023-03-03-04:33:36.703-UTC 63.67 63.94 64.13 64.26 61.73 63.15 65.53 63.67
2023-03-03-04:33:36.863-UTC 63.67 63.94 64.13 64.26 61.73 63.15 65.60 63.67
2023-03-03-04:33:37.022-UTC 63.67 63.94 64.13 64.26 61.73 63.15 65.53 63.67
2023-03-03-04:33:37.180-UTC 63.67 63.94 64.13 64.26 61.73 63.15 65.53 63.67
2023-03-03-04:33:37.340-UTC 63.67 63.94 64.13 64.26 61.73 63.15 65.60 63.67
2023-03-03-04:33:37.497-UTC 63.67 63.94 64.13 64.26 61.73 63.15 65.53 63.67
2023-03-03-04:33:37.653-UTC 63.67 63.94 64.06 64.26 61.73 63.15 65.53 63.67
2023-03-03-04:33:37.808-UTC 63.67 63.94 64.13 64.26 61.73 63.15 65.53 63.67
2023-03-03-04:33:37.968-UTC 63.67 63.94 64.13 64.26 61.73 63.15 65.53 63.67
2023-03-03-04:33:38.127-UTC 63.67 63.94 64.13 64.26 61.73 63.15 65.53 63.67
2023-03-03-04:33:38.288-UTC 63.67 63.94 64.13 64.26 61.73 63.15 65.53 63.67
