2023-02-22-02:42:27.485-UTC 64.87 62.80 64.73 62.01 62.48 64.00 64.52 61.94
2023-02-22-02:42:27.646-UTC 64.87 62.80 64.73 62.01 62.48 63.67 64.52 61.94
2023-02-22-02:42:27.808-UTC 64.87 62.80 64.73 62.08 62.48 64.00 64.52 61.94
2023-02-22-02:42:27.968-UTC 64.87 62.80 64.45 62.01 62.48 63.67 64.52 61.94
2023-02-22-02:42:28.127-UTC 64.87 62.80 64.73 62.08 62.48 64.00 64.52 61.94
2023-02-22-02:42:28.284-UTC 64.87 62.80 64.73 62.08 62.80 63.67 64.52 61.94
2023-02-22-02:42:28.445-UTC 64.87 62.80 64.73 62.08 62.48 63.67 64.52 61.94
2023-02-22-02:42:28.606-UTC 64.87 62.80 64.73 62.08 62.48 63.67 64.52 61.94
2023-02-22-02:42:28.767-UTC 64.87 62.80 64.73 62.01 62.48 63.67 64.52 61.94
2023-02-22-02:42:28.924-UTC 64.87 62.80 64.73 62.08 62.48 64.00 64.52 61.94
2023-02-22-02:42:29.084-UTC 64.87 62.80 64.73 62.08 62.48 63.67 64.52 61.94
2023-02-22-02:42:29.246-UTC 64.87 62.80 64.73 62.08 62.48 64.00 64.52 61.94
2023-02-22-02:42:29.409-UTC 64.87 62.80 64.45 62.08 62.48 63.67 64.52 61.94
2023-02-22-02:42:29.569-UTC 64.87 62.80 64.45 62.08 62.48 63.67 64.52 61.94
2023-02-22-02:42:29.730-UTC 64.87 62.80 64.73 62.08 62.48 64.00 64.52 61.94
2023-02-22-02:42:29.890-UTC 64.87 62.80 64.73 62.08 62.48 64.00 64.52 61.94
2023-02-22-02:42:30.052-UTC 64.87 62.80 64.73 62.08 62.48 63.67 64.52 61.94
2023-02-22-02:42:30.214-UTC 64.87 62.80 64.73 62.08 62.48 64.00 64.52 61.94
2023-02-22-02:42:30.375-UTC 64.87 62.80 64.73 62.08 62.48 64.00 64.52 61.94
2023-02-22-02:42:30.538-UTC 64.87 62.80 64.73 62.08 62.48 63.67 64.52 61.94
2023-02-22-02:42:30.694-UTC 64.87 62.80 64.73 62.08 62.48 64.00 64.52 61.94
2023-02-22-02:42:30.861-UTC 64.93 62.80 64.73 62.08 62.48 64.00 64.52 61.94
2023-02-22-02:42:31.018-UTC 64.87 62.80 64.73 62.08 62.48 64.00 64.52 61.94
2023-02-22-02:42:31.182-UTC 64.87 62.80 64.73 62.08 62.80 64.00 64.52 61.94
2023-02-22-02:42:31.346-UTC 64.87 62.80 64.45 62.08 62.80 64.00 64.52 61.94
2023-02-22-02:42:31.510-UTC 64.87 62.80 64.73 62.08 62.48 63.67 64.52 61.94
2023-02-22-02:42:31.668-UTC 64.87 62.80 64.73 62.08 62.48 64.00 64.52 61.94
2023-02-22-02:42:31.826-UTC 64.87 62.80 64.73 62.08 62.48 64.00 64.52 61.94
2023-02-22-02:42:31.984-UTC 64.87 62.80 64.73 62.08 62.48 63.67 64.52 61.94
2023-02-22-02:42:32.144-UTC 64.87 62.80 64.73 62.08 62.48 63.67 64.52 61.94
2023-02-22-02:42:32.302-UTC 64.87 62.80 64.73 62.08 62.48 63.67 64.52 61.94
2023-02-22-02:42:32.461-UTC 64.87 62.80 64.73 62.01 62.48 63.67 64.52 61.94
2023-02-22-02:42:32.618-UTC 64.87 62.80 64.73 62.08 62.80 64.00 64.52 61.94
2023-02-22-02:42:32.774-UTC 64.87 62.80 64.73 62.08 62.80 64.00 64.52 61.94
2023-02-22-02:42:32.935-UTC 64.93 62.80 64.73 62.08 62.80 64.00 64.52 61.94
2023-02-22-02:42:33.096-UTC 64.93 62.80 64.73 62.08 62.48 64.00 64.52 61.94
2023-02-22-02:42:33.265-UTC 64.87 62.80 64.73 62.01 62.48 64.00 64.52 61.94
2023-02-22-02:42:33.425-UTC 64.87 62.80 64.73 62.01 62.80 63.67 64.52 61.94
2023-02-22-02:42:33.584-UTC 64.87 62.80 64.73 62.08 62.80 64.00 64.52 61.94
2023-02-22-02:42:33.743-UTC 64.87 62.80 64.73 62.08 62.48 63.67 64.52 61.94
2023-02-22-02:42:33.901-UTC 64.87 62.80 64.73 62.08 62.48 64.00 64.52 61.94
2023-02-22-02:42:34.062-UTC 64.87 62.80 64.73 62.08 62.48 64.00 64.52 61.94
2023-02-22-02:42:34.224-UTC 64.87 62.80 64.73 62.08 62.80 63.67 64.52 61.94
2023-02-22-02:42:34.385-UTC 64.87 62.80 64.73 62.08 62.80 63.67 64.52 61.94
2023-02-22-02:42:34.545-UTC 64.87 62.80 64.73 62.08 62.48 63.67 64.52 61.94
2023-02-22-02:42:34.702-UTC 64.87 62.80 64.73 62.08 62.48 64.00 64.52 61.94
2023-02-22-02:42:34.863-UTC 64.87 62.80 64.73 62.01 62.48 64.00 64.52 61.94
2023-02-22-02:42:35.022-UTC 64.87 62.80 64.73 62.08 62.48 63.67 64.52 61.94
2023-02-22-02:42:35.184-UTC 64.87 62.80 64.73 62.08 62.48 63.67 64.52 61.94
2023-02-22-02:42:35.345-UTC 64.87 62.80 64.73 62.08 62.48 64.00 64.52 61.94
2023-02-22-02:42:35.503-UTC 64.87 62.80 64.73 62.08 62.54 63.67 64.52 61.94
2023-02-22-02:42:35.662-UTC 64.87 62.80 64.73 62.08 62.80 63.67 64.52 61.94
2023-02-22-02:42:35.821-UTC 64.87 62.80 64.45 62.08 62.48 63.67 64.52 61.94
2023-02-22-02:42:35.979-UTC 64.87 62.80 64.73 62.08 62.80 64.00 64.52 61.94
2023-02-22-02:42:36.138-UTC 64.87 62.80 64.45 62.08 62.48 63.67 64.52 61.94
2023-02-22-02:42:36.297-UTC 64.87 62.80 64.45 62.08 62.48 64.00 64.52 61.94
2023-02-22-02:42:36.459-UTC 64.87 62.80 64.73 62.08 62.80 64.00 64.52 61.94
2023-02-22-02:42:36.622-UTC 64.87 62.80 64.73 62.08 62.80 63.67 64.52 61.94
2023-02-22-02:42:36.782-UTC 64.87 62.80 64.73 62.01 62.48 63.67 64.52 61.94
2023-02-22-02:42:36.942-UTC 64.87 62.80 64.73 62.08 62.48 64.00 64.52 61.94
2023-02-22-02:42:37.103-UTC 64.87 62.80 64.73 62.08 62.80 63.67 64.52 61.94
2023-02-22-02:42:37.265-UTC 64.87 62.80 64.73 62.08 62.80 64.00 64.52 61.94
2023-02-22-02:42:37.422-UTC 64.87 62.80 64.73 62.01 62.48 64.00 64.52 61.94
2023-02-22-02:42:37.580-UTC 64.87 62.80 64.67 62.01 62.48 63.67 64.52 61.94
2023-02-22-02:42:37.736-UTC 64.87 62.80 64.73 62.08 62.80 64.00 64.52 61.94
2023-02-22-02:42:37.894-UTC 64.87 62.80 64.73 62.08 62.80 63.67 64.52 61.94
2023-02-22-02:42:38.056-UTC 64.87 62.80 64.45 62.08 62.80 63.67 64.52 61.94
2023-02-22-02:42:38.214-UTC 64.87 62.80 64.73 62.08 62.80 64.00 64.52 61.94
2023-02-22-02:42:38.373-UTC 64.87 62.80 64.73 62.01 62.48 63.67 64.52 61.94
2023-02-22-02:42:38.538-UTC 64.87 62.80 64.45 62.08 62.80 63.67 64.52 61.94
2023-02-22-02:42:38.697-UTC 64.87 62.80 64.73 62.08 62.48 64.00 64.52 61.94
2023-02-22-02:42:38.855-UTC 64.87 62.80 64.73 62.08 62.80 63.67 64.52 61.94
2023-02-22-02:42:39.019-UTC 64.87 62.80 64.45 62.08 62.80 63.67 64.52 61.94
2023-02-22-02:42:39.178-UTC 64.87 62.80 64.73 62.08 62.80 63.67 64.52 61.94
2023-02-22-02:42:39.339-UTC 64.87 62.80 64.73 62.01 62.80 64.00 64.52 61.94
2023-02-22-02:42:39.500-UTC 64.87 62.80 64.73 62.08 62.80 63.67 64.52 61.94
2023-02-22-02:42:39.659-UTC 64.87 62.80 64.73 62.08 62.48 63.67 64.52 61.94
2023-02-22-02:42:39.819-UTC 64.87 62.80 64.73 62.08 62.80 63.67 64.52 61.94
2023-02-22-02:42:39.976-UTC 64.87 62.80 64.73 62.01 62.48 63.67 64.52 61.94
2023-02-22-02:42:40.136-UTC 64.87 62.80 64.45 62.08 62.48 63.67 64.52 61.94
2023-02-22-02:42:40.293-UTC 64.87 62.80 64.45 62.08 62.48 63.67 64.52 61.94
2023-02-22-02:42:40.457-UTC 64.87 62.80 64.73 62.08 62.80 64.00 64.52 61.94
2023-02-22-02:42:40.614-UTC 64.87 62.80 64.73 62.08 62.48 63.67 64.52 61.94
2023-02-22-02:42:40.771-UTC 64.87 62.80 64.73 62.08 62.80 63.67 64.52 61.94
2023-02-22-02:42:40.930-UTC 64.87 62.80 64.73 62.08 62.48 63.67 64.52 61.94
2023-02-22-02:42:41.091-UTC 64.87 62.80 64.73 62.08 62.80 63.67 64.52 61.94
2023-02-22-02:42:41.252-UTC 64.87 62.80 64.45 62.08 62.80 63.67 64.52 61.94
2023-02-22-02:42:41.412-UTC 64.87 62.80 64.45 62.08 62.48 63.67 64.52 61.94
2023-02-22-02:42:41.572-UTC 64.87 62.80 64.73 62.08 62.48 64.00 64.52 61.94
2023-02-22-02:42:41.735-UTC 64.87 62.80 64.73 62.08 62.80 63.67 64.52 61.94
2023-02-22-02:42:41.892-UTC 64.87 62.80 64.73 62.08 62.80 64.00 64.52 61.94
2023-02-22-02:42:42.049-UTC 64.87 62.80 64.67 62.08 62.80 64.00 64.52 61.94
2023-02-22-02:42:42.209-UTC 64.87 62.80 64.73 62.08 62.80 63.67 64.52 61.94
2023-02-22-02:42:42.368-UTC 64.87 62.80 64.45 62.08 62.80 63.67 64.52 61.94
2023-02-22-02:42:42.526-UTC 64.87 62.80 64.73 62.08 62.80 63.67 64.52 61.94
2023-02-22-02:42:42.684-UTC 64.59 62.80 64.39 62.08 62.48 63.67 64.52 61.94
2023-02-22-02:42:42.842-UTC 64.87 62.80 64.73 62.08 62.80 64.00 64.52 61.94
2023-02-22-02:42:43.002-UTC 64.87 62.80 64.73 62.08 62.80 64.00 64.52 61.94
2023-02-22-02:42:43.162-UTC 64.87 62.80 64.45 62.08 62.48 64.00 64.52 61.94
2023-02-22-02:42:43.323-UTC 64.87 62.80 64.73 62.08 62.48 64.00 64.52 61.94
2023-02-22-02:42:43.490-UTC 64.87 62.80 64.73 62.08 62.48 63.67 64.52 61.94
2023-02-22-02:42:43.649-UTC 64.87 62.80 64.45 62.01 62.48 64.00 64.52 61.94
2023-02-22-02:42:43.808-UTC 64.87 62.80 64.67 62.08 62.48 64.00 64.52 61.94
2023-02-22-02:42:43.964-UTC 64.87 62.80 64.73 62.08 62.48 63.67 64.52 61.94
2023-02-22-02:42:44.128-UTC 64.87 62.80 64.73 62.08 62.48 63.67 64.52 61.94
2023-02-22-02:42:44.283-UTC 64.87 62.80 64.73 62.01 62.48 64.00 64.52 61.94
2023-02-22-02:42:44.446-UTC 64.87 62.80 64.73 62.08 62.48 63.67 64.52 61.94
2023-02-22-02:42:44.605-UTC 64.87 62.80 64.45 62.08 62.48 63.67 64.52 61.94
2023-02-22-02:42:44.762-UTC 64.87 62.80 64.73 62.01 62.48 63.67 64.52 61.94
2023-02-22-02:42:44.920-UTC 64.87 62.80 64.73 62.08 62.48 64.00 64.52 61.94
2023-02-22-02:42:45.079-UTC 64.87 62.80 64.73 62.01 62.48 64.00 64.52 61.94
2023-02-22-02:42:45.239-UTC 64.87 62.80 64.73 62.08 62.80 63.67 64.52 61.94
2023-02-22-02:42:45.405-UTC 64.87 62.80 64.73 62.08 62.48 64.00 64.52 61.94
2023-02-22-02:42:45.564-UTC 64.87 62.80 64.67 62.08 62.80 64.00 64.52 61.94
2023-02-22-02:42:45.724-UTC 64.87 62.80 64.73 62.08 62.48 63.67 64.52 61.94
2023-02-22-02:42:45.883-UTC 64.87 62.80 64.73 62.08 62.80 63.67 64.52 61.94
2023-02-22-02:42:46.045-UTC 64.87 62.80 64.73 62.01 62.48 64.00 64.52 61.94
2023-02-22-02:42:46.211-UTC 64.87 62.80 64.73 62.08 62.48 63.67 64.52 61.94
2023-02-22-02:42:46.369-UTC 64.87 62.80 64.45 62.08 62.48 63.67 64.52 61.94
2023-02-22-02:42:46.527-UTC 64.87 62.80 64.73 62.01 62.48 64.00 64.52 61.94
2023-02-22-02:42:46.688-UTC 64.87 62.80 64.73 62.08 62.48 64.00 64.52 61.94
2023-02-22-02:42:46.848-UTC 64.87 62.80 64.73 62.01 62.48 64.00 64.52 61.94
2023-02-22-02:42:47.006-UTC 64.87 62.80 64.45 62.08 62.80 64.00 64.52 61.94
2023-02-22-02:42:47.167-UTC 64.87 62.80 64.73 62.08 62.80 64.00 64.52 61.94
2023-02-22-02:42:47.328-UTC 64.87 62.80 64.73 62.08 62.48 64.00 64.52 61.94
2023-02-22-02:42:47.484-UTC 64.87 62.80 64.45 62.08 62.48 63.67 64.52 61.94
2023-02-22-02:42:47.644-UTC 64.87 62.80 64.73 62.08 62.48 64.00 64.52 61.94
2023-02-22-02:42:47.802-UTC 64.87 62.80 64.73 62.08 62.80 64.00 64.52 61.94
2023-02-22-02:42:47.962-UTC 64.87 62.80 64.73 62.01 62.48 63.67 64.52 61.94
2023-02-22-02:42:48.122-UTC 64.87 62.80 64.45 62.01 62.80 64.00 64.52 61.88
2023-02-22-02:42:48.282-UTC 64.87 62.80 64.73 62.08 62.80 63.67 64.52 61.94
2023-02-22-02:42:48.440-UTC 64.87 62.74 64.45 62.08 62.80 63.67 64.52 61.94
2023-02-22-02:42:48.602-UTC 64.87 62.80 64.73 62.08 62.48 63.67 64.52 61.94
2023-02-22-02:42:48.762-UTC 64.87 62.80 64.73 62.08 62.48 64.00 64.52 61.94
2023-02-22-02:42:48.921-UTC 64.87 62.80 64.73 62.08 62.80 64.00 64.52 61.94
2023-02-22-02:42:49.079-UTC 64.87 62.80 64.73 62.08 62.48 63.67 64.52 61.94
2023-02-22-02:42:49.240-UTC 64.87 62.80 64.73 62.01 62.48 63.67 64.52 61.94
2023-02-22-02:42:49.397-UTC 64.87 62.80 64.73 62.01 62.48 64.00 64.52 61.94
2023-02-22-02:42:49.557-UTC 64.87 62.80 64.73 62.08 62.80 64.00 64.52 61.94
2023-02-22-02:42:49.716-UTC 64.87 62.80 64.73 62.08 62.48 63.67 64.52 61.94
2023-02-22-02:42:49.874-UTC 64.87 62.80 64.73 62.08 62.48 63.67 64.52 61.94
2023-02-22-02:42:50.037-UTC 64.87 62.80 64.45 62.01 62.80 63.67 64.52 61.94
2023-02-22-02:42:50.196-UTC 64.87 62.80 64.67 62.08 62.48 63.67 64.52 61.94
2023-02-22-02:42:50.358-UTC 64.87 62.80 64.73 62.08 62.80 64.00 64.52 61.94
2023-02-22-02:42:50.518-UTC 64.87 62.80 64.73 62.08 62.48 63.67 64.52 61.94
2023-02-22-02:42:50.679-UTC 64.87 62.80 64.73 62.08 62.48 64.00 64.52 61.94
2023-02-22-02:42:50.839-UTC 64.87 62.80 64.73 62.08 62.48 64.00 64.52 61.94
2023-02-22-02:42:50.998-UTC 64.87 62.80 64.73 62.08 62.80 64.00 64.52 61.94
2023-02-22-02:42:51.161-UTC 64.87 62.80 64.73 62.01 62.48 63.67 64.52 61.94
2023-02-22-02:42:51.321-UTC 64.87 62.80 64.73 62.08 62.80 64.00 64.52 61.94
2023-02-22-02:42:51.478-UTC 64.87 62.80 64.45 62.08 62.48 63.67 64.52 61.94
2023-02-22-02:42:51.640-UTC 64.87 62.80 64.73 62.01 62.48 63.67 64.52 61.94
2023-02-22-02:42:51.800-UTC 64.87 62.80 64.73 62.01 62.80 64.00 64.52 61.94
2023-02-22-02:42:51.960-UTC 64.87 62.80 64.73 62.01 62.80 63.67 64.52 61.94
2023-02-22-02:42:52.122-UTC 64.87 62.80 64.45 62.01 62.48 63.67 64.52 61.94
2023-02-22-02:42:52.282-UTC 64.87 62.80 64.45 62.01 62.48 64.00 64.52 61.94
2023-02-22-02:42:52.441-UTC 64.87 62.80 64.73 62.08 62.48 64.00 64.52 61.94
2023-02-22-02:42:52.603-UTC 64.87 62.80 64.67 62.08 62.80 63.67 64.52 61.94
2023-02-22-02:42:52.760-UTC 64.87 62.80 64.73 62.08 62.80 63.67 64.52 61.94
2023-02-22-02:42:52.917-UTC 64.87 62.80 64.73 62.08 62.80 63.67 64.52 61.94
2023-02-22-02:42:53.078-UTC 64.87 62.80 64.45 62.08 62.80 64.00 64.52 61.94
2023-02-22-02:42:53.237-UTC 64.87 62.80 64.45 62.08 62.80 63.67 64.52 61.94
2023-02-22-02:42:53.393-UTC 64.87 62.80 64.73 62.08 62.48 63.67 64.52 61.94
2023-02-22-02:42:53.556-UTC 64.87 62.80 64.45 62.08 62.48 63.67 64.52 61.94
2023-02-22-02:42:53.714-UTC 64.93 62.80 64.73 62.08 62.48 63.67 64.52 61.94
2023-02-22-02:42:53.874-UTC 64.87 62.80 64.73 62.08 62.48 64.00 64.52 61.94
2023-02-22-02:42:54.031-UTC 64.87 62.80 64.73 62.08 62.80 64.00 64.52 61.94
2023-02-22-02:42:54.190-UTC 64.87 62.80 64.73 62.01 62.48 64.00 64.52 61.94
2023-02-22-02:42:54.348-UTC 64.87 62.80 64.73 62.01 62.80 64.00 64.52 61.94
2023-02-22-02:42:54.505-UTC 64.87 62.80 64.73 62.08 62.48 64.00 64.52 61.94
2023-02-22-02:42:54.663-UTC 64.87 62.80 64.73 62.01 62.48 64.00 64.52 62.27
2023-02-22-02:42:54.822-UTC 64.87 62.80 64.73 62.08 62.48 63.67 64.52 61.94
2023-02-22-02:42:54.981-UTC 64.87 62.80 64.73 62.08 62.80 64.00 64.52 61.94
2023-02-22-02:42:55.143-UTC 64.93 62.80 64.45 62.08 62.80 64.00 64.52 61.94
2023-02-22-02:42:55.304-UTC 64.87 62.80 64.73 62.08 62.48 63.67 64.52 61.94
2023-02-22-02:42:55.470-UTC 64.87 62.80 64.73 62.01 62.48 64.00 64.52 61.94
2023-02-22-02:42:55.628-UTC 64.87 62.80 64.73 62.01 62.80 64.00 64.52 61.94
2023-02-22-02:42:55.785-UTC 64.87 62.80 64.73 62.01 62.80 63.67 64.52 61.94
2023-02-22-02:42:55.943-UTC 64.87 62.80 64.73 62.08 62.80 64.00 64.52 61.94
2023-02-22-02:42:56.110-UTC 64.93 62.80 64.73 62.08 62.80 64.00 64.52 61.94
2023-02-22-02:42:56.274-UTC 64.87 62.80 64.73 62.08 62.48 63.67 64.52 61.94
2023-02-22-02:42:56.431-UTC 64.87 62.80 64.73 62.08 62.80 63.67 64.52 61.94
2023-02-22-02:42:56.591-UTC 64.87 62.80 64.73 62.01 62.80 64.00 64.52 61.94
2023-02-22-02:42:56.751-UTC 64.87 62.80 64.73 62.08 62.48 63.67 64.52 61.94
2023-02-22-02:42:56.912-UTC 64.87 62.80 64.45 62.08 62.48 64.00 64.52 61.94
2023-02-22-02:42:57.072-UTC 64.93 62.80 64.73 62.01 62.48 64.00 64.52 61.94
2023-02-22-02:42:57.236-UTC 64.87 62.74 64.73 62.08 62.80 64.00 64.52 61.94
2023-02-22-02:42:57.397-UTC 64.87 62.80 64.73 62.08 62.80 63.67 64.52 61.94
2023-02-22-02:42:57.562-UTC 64.87 62.80 64.73 62.08 62.48 63.67 64.52 61.94
2023-02-22-02:42:57.735-UTC 64.87 62.80 64.73 62.08 62.48 64.00 64.52 61.94
2023-02-22-02:42:57.901-UTC 64.87 62.80 64.73 62.08 62.48 63.67 64.52 61.94
2023-02-22-02:42:58.060-UTC 64.93 62.80 64.45 62.08 62.80 63.67 64.52 61.94
2023-02-22-02:42:58.220-UTC 64.87 62.80 64.73 62.08 62.80 64.00 64.52 61.94
2023-02-22-02:42:58.585-UTC 64.87 62.80 64.73 62.08 62.48 64.00 64.52 61.94
2023-02-22-02:42:58.747-UTC 64.93 62.80 64.73 62.08 62.48 63.67 64.52 61.94
2023-02-22-02:42:58.910-UTC 64.87 62.80 64.73 62.08 62.48 64.00 64.52 61.94
2023-02-22-02:42:59.069-UTC 64.87 62.80 64.73 62.01 62.80 64.00 64.52 61.94
2023-02-22-02:42:59.229-UTC 64.87 62.80 64.73 62.08 62.48 64.00 64.52 61.94
2023-02-22-02:42:59.390-UTC 64.87 62.80 64.73 62.08 62.48 64.00 64.52 61.94
2023-02-22-02:42:59.553-UTC 64.87 62.80 64.73 62.08 62.80 64.00 64.52 61.94
2023-02-22-02:42:59.723-UTC 64.87 62.80 64.45 62.01 62.80 64.00 64.52 61.94
2023-02-22-02:42:59.882-UTC 64.87 62.80 64.73 62.08 62.48 63.67 64.52 61.94
2023-02-22-02:43:00.045-UTC 64.87 62.80 64.73 62.08 62.48 63.67 64.52 61.94
2023-02-22-02:43:00.213-UTC 64.87 62.80 64.39 62.08 62.80 63.67 64.52 61.94
2023-02-22-02:43:00.372-UTC 64.87 62.80 64.73 62.08 62.48 64.00 64.52 61.94
2023-02-22-02:43:00.533-UTC 64.87 62.80 64.73 62.01 62.48 64.00 64.52 61.94
2023-02-22-02:43:00.694-UTC 64.87 62.80 64.73 62.08 62.48 64.00 64.52 61.94
2023-02-22-02:43:00.855-UTC 64.87 62.80 64.73 62.08 62.80 64.00 64.52 61.94
2023-02-22-02:43:01.022-UTC 64.87 62.80 64.73 62.08 62.80 64.00 64.52 61.94
2023-02-22-02:43:01.190-UTC 64.87 62.80 64.73 62.08 62.80 63.67 64.52 61.94
2023-02-22-02:43:01.350-UTC 64.87 62.80 64.45 62.08 62.48 63.67 64.52 61.94
2023-02-22-02:43:01.510-UTC 64.87 62.80 64.73 62.08 62.48 63.67 64.52 61.94
2023-02-22-02:43:01.676-UTC 64.87 62.80 64.73 62.08 62.80 64.00 64.52 61.94
2023-02-22-02:43:02.345-UTC 64.87 62.80 64.73 62.08 62.80 64.00 64.52 61.94
2023-02-22-02:43:03.099-UTC 64.87 62.80 64.73 62.01 62.48 63.67 64.52 61.94
2023-02-22-02:43:03.539-UTC 64.87 62.80 64.73 62.08 62.80 64.00 64.52 61.94
2023-02-22-02:43:04.230-UTC 64.87 62.80 64.73 62.01 62.48 63.67 64.52 61.94
2023-02-22-02:43:05.149-UTC 64.87 62.80 64.73 62.01 62.48 64.00 64.52 62.27
2023-02-22-02:43:05.844-UTC 64.87 62.80 64.73 62.01 62.80 64.00 64.52 61.94
2023-02-22-02:43:06.307-UTC 64.87 62.80 64.73 62.08 62.80 63.67 64.52 61.94
2023-02-22-02:43:06.535-UTC 64.87 62.80 64.73 62.08 62.48 63.67 64.52 61.94
2023-02-22-02:43:06.696-UTC 64.87 62.80 64.73 62.01 62.80 64.00 64.52 61.94
2023-02-22-02:43:06.862-UTC 64.87 62.80 64.45 62.08 62.48 64.00 64.52 61.94
2023-02-22-02:43:07.024-UTC 64.87 62.80 64.73 62.08 62.80 64.00 64.52 61.94
2023-02-22-02:43:07.186-UTC 64.87 62.80 64.73 62.08 62.48 64.00 64.52 61.94
2023-02-22-02:43:07.348-UTC 64.87 62.80 64.73 62.08 62.48 63.67 64.52 61.94
2023-02-22-02:43:07.511-UTC 64.87 62.80 64.73 62.08 62.48 63.67 64.52 61.94
2023-02-22-02:43:07.674-UTC 64.87 62.80 64.73 62.08 62.48 63.67 64.52 61.94
2023-02-22-02:43:07.836-UTC 64.87 62.80 64.73 62.01 62.80 63.67 64.52 61.94
2023-02-22-02:43:07.999-UTC 64.87 62.80 64.73 62.08 62.48 63.67 64.52 61.94
2023-02-22-02:43:08.160-UTC 64.87 62.80 64.73 62.01 62.48 63.67 64.52 61.94
2023-02-22-02:43:08.320-UTC 64.87 62.80 64.73 62.08 62.48 64.00 64.52 61.94
2023-02-22-02:43:08.484-UTC 64.87 62.80 64.73 62.08 62.80 64.00 64.52 61.94
2023-02-22-02:43:08.648-UTC 74.56 72.66 73.80 72.61 72.13 73.38 74.48 71.71
2023-02-22-02:43:09.695-UTC 74.56 73.06 74.14 73.21 72.46 74.57 74.81 71.99
2023-02-22-02:43:09.875-UTC 74.56 73.06 74.14 72.68 72.13 73.38 74.48 71.71
2023-02-22-02:43:10.025-UTC 74.56 73.06 74.06 72.89 72.13 73.65 74.48 71.71
2023-02-22-02:43:10.179-UTC 74.56 73.06 74.14 72.89 72.13 73.65 74.81 71.71
2023-02-22-02:43:10.328-UTC 74.56 73.06 74.14 72.89 72.13 73.65 74.48 71.71
2023-02-22-02:43:10.478-UTC 74.88 73.06 74.14 72.68 72.13 73.65 74.48 72.31
2023-02-22-02:43:10.631-UTC 74.88 73.38 74.40 73.29 72.46 73.98 74.81 71.99
2023-02-22-02:43:10.794-UTC 74.56 73.06 74.14 72.89 71.86 73.38 74.48 71.71
2023-02-22-02:43:11.441-UTC 92.75 90.81 89.15 78.37 72.13 73.65 74.48 71.71
2023-02-22-02:43:12.554-UTC 92.75 90.81 89.15 78.37 72.13 82.71 93.48 88.59
2023-02-22-02:43:12.915-UTC 92.75 90.81 89.15 78.37 72.13 82.71 93.48 89.85
2023-02-22-02:43:13.227-UTC 77.01 87.45 123.30 90.76 72.13 109.77 93.58 89.85
2023-02-22-02:43:13.450-UTC 74.56 73.06 89.15 78.37 72.13 82.62 93.48 88.92
2023-02-22-02:43:13.595-UTC 74.56 73.06 74.14 78.37 72.13 82.62 93.48 88.92
2023-02-22-02:43:13.746-UTC 74.56 73.06 74.14 76.85 72.13 82.71 93.58 89.01
2023-02-22-02:43:13.892-UTC 74.56 73.06 74.14 72.28 72.13 82.62 93.48 88.92
2023-02-22-02:43:14.038-UTC 74.56 73.06 74.06 72.89 72.13 82.71 93.58 89.52
2023-02-22-02:43:14.191-UTC 74.88 73.06 74.06 72.89 72.13 73.65 93.58 89.52
2023-02-22-02:43:14.360-UTC 74.56 73.06 74.14 72.68 72.13 73.38 75.08 89.61
2023-02-22-02:43:14.531-UTC 74.56 73.06 74.06 72.89 72.13 73.38 74.81 88.92
2023-02-22-02:43:14.704-UTC 74.56 72.98 74.14 72.89 72.13 73.38 74.81 71.99
2023-02-22-02:43:14.880-UTC 74.56 86.26 86.76 76.85 76.69 87.86 74.48 71.99
2023-02-22-02:43:16.112-UTC 74.56 86.35 86.76 77.12 76.69 87.86 74.40 82.54
2023-02-22-02:43:16.254-UTC 74.56 86.26 86.76 76.85 76.69 87.86 74.48 82.54
2023-02-22-02:43:16.396-UTC 74.56 85.93 86.76 76.85 76.69 87.77 74.81 83.46
2023-02-22-02:43:16.539-UTC 74.56 86.26 86.76 76.85 76.69 87.86 74.48 83.55
2023-02-22-02:43:16.684-UTC 74.56 86.26 86.76 76.85 76.69 88.13 74.48 83.46
2023-02-22-02:43:16.829-UTC 74.56 85.93 86.76 77.12 76.69 87.86 74.48 83.46
2023-02-22-02:43:16.973-UTC 74.56 73.06 86.76 77.12 76.69 87.86 74.40 83.46
2023-02-22-02:43:17.120-UTC 74.56 72.98 74.73 76.85 76.69 87.86 74.81 83.46
2023-02-22-02:43:17.267-UTC 74.56 72.98 74.06 72.89 76.69 88.13 74.81 83.55
2023-02-22-02:43:17.413-UTC 74.56 73.06 74.06 72.89 76.69 87.86 74.48 82.95
2023-02-22-02:43:17.560-UTC 74.56 72.98 74.14 72.89 72.13 73.65 74.81 83.55
2023-02-22-02:43:17.705-UTC 74.56 73.06 74.14 72.89 72.13 73.65 74.48 82.87
2023-02-22-02:43:17.851-UTC 74.56 73.06 74.06 72.96 72.13 73.65 74.81 71.99
2023-02-22-02:43:17.996-UTC 74.56 73.06 74.06 72.61 72.13 73.38 74.48 71.71
2023-02-22-02:43:18.143-UTC 74.56 72.98 74.14 72.68 72.13 73.65 74.48 71.71
2023-02-22-02:43:18.288-UTC 74.56 73.06 74.06 72.89 72.13 73.65 74.48 71.71
2023-02-22-02:43:18.434-UTC 74.56 73.06 74.06 72.61 72.13 73.65 74.81 71.71
2023-02-22-02:43:18.582-UTC 74.56 73.06 74.06 72.89 72.13 73.65 74.40 71.71
2023-02-22-02:43:18.729-UTC 74.56 73.06 74.14 72.89 72.13 73.38 74.81 71.71
2023-02-22-02:43:18.874-UTC 74.56 73.65 74.40 73.21 72.73 73.98 75.08 72.31
2023-02-22-02:43:19.029-UTC 75.15 73.06 74.14 73.21 72.73 73.65 74.81 71.99
2023-02-22-02:43:19.180-UTC 74.56 73.06 74.14 72.96 72.13 73.38 74.81 71.71
2023-02-22-02:43:19.326-UTC 74.56 79.32 74.06 75.08 72.13 73.65 93.48 89.52
2023-02-22-02:43:19.601-UTC 74.56 78.99 74.14 79.89 72.13 73.65 93.58 89.52
2023-02-22-02:43:19.744-UTC 74.56 79.07 74.06 79.89 72.13 73.65 93.58 89.85
2023-02-22-02:43:19.890-UTC 74.56 79.07 74.14 79.89 72.13 73.38 93.48 89.85
2023-02-22-02:43:20.033-UTC 74.56 78.99 74.14 79.89 72.13 73.65 93.58 89.94
2023-02-22-02:43:20.177-UTC 74.56 78.99 74.06 79.89 72.13 73.65 93.58 89.01
2023-02-22-02:43:20.319-UTC 74.56 79.07 74.06 79.89 72.13 73.65 93.58 89.25
2023-02-22-02:43:20.461-UTC 74.56 79.07 74.06 79.89 72.13 73.65 93.48 89.01
2023-02-22-02:43:20.605-UTC 74.56 79.07 74.14 79.89 72.13 73.65 93.48 88.92
2023-02-22-02:43:20.750-UTC 74.56 78.99 74.14 79.89 72.13 73.65 93.58 89.85
2023-02-22-02:43:20.891-UTC 74.56 79.07 74.06 79.89 72.13 73.38 92.88 88.92
2023-02-22-02:43:21.037-UTC 74.56 79.07 74.14 79.89 72.13 73.38 92.98 88.92
2023-02-22-02:43:21.182-UTC 74.56 77.61 74.14 77.45 72.13 73.65 75.40 89.85
2023-02-22-02:43:21.326-UTC 74.56 73.06 74.14 72.89 72.13 73.65 74.81 71.99
2023-02-22-02:43:21.473-UTC 74.56 73.06 74.06 72.89 72.13 73.38 74.73 71.99
2023-02-22-02:43:21.617-UTC 74.56 73.30 74.14 72.89 72.13 73.38 74.81 71.99
2023-02-22-02:43:21.768-UTC 74.56 73.06 74.14 72.96 72.13 73.38 74.81 71.99
2023-02-22-02:43:21.917-UTC 74.56 73.06 74.14 72.89 72.13 73.65 74.81 84.99
2023-02-22-02:43:22.071-UTC 74.56 72.98 74.14 72.89 72.13 73.38 74.81 71.99
2023-02-22-02:43:22.269-UTC 74.56 73.06 74.14 72.96 72.13 73.65 74.81 71.64
2023-02-22-02:43:22.470-UTC 74.56 73.06 74.14 72.89 72.13 73.38 74.81 71.99
2023-02-22-02:43:22.634-UTC 74.56 73.06 74.14 72.89 72.13 73.65 74.81 71.99
2023-02-22-02:43:22.798-UTC 304.72 72.98 74.06 72.89 72.13 73.38 74.73 71.99
2023-02-22-02:43:22.997-UTC 428.82 73.06 74.06 72.89 72.13 73.38 74.81 71.99
2023-02-22-02:43:23.164-UTC 94.60 72.98 74.14 72.89 72.13 73.38 88.97 71.71
2023-02-22-02:43:23.368-UTC 93.40 174.35 146.32 100.17 145.24 157.28 113.60 150.25
2023-02-22-02:43:23.825-UTC 93.40 77.80 136.93 109.52 176.46 222.76 110.11 77.17
2023-02-22-02:43:24.212-UTC 386.35 388.42 320.36 319.77 280.88 374.02 414.38 348.83
2023-02-22-02:43:24.395-UTC 360.61 351.79 360.95 394.78 378.29 394.14 429.57 427.33
2023-02-22-02:43:24.590-UTC 131.18 93.02 124.69 131.91 356.59 102.14 100.05 107.02
2023-02-22-02:43:24.837-UTC 387.22 402.73 418.86 405.93 404.17 396.83 413.02 404.75
2023-02-22-02:43:25.008-UTC 357.26 368.09 396.15 418.16 450.63 386.32 373.46 385.35
2023-02-22-02:43:25.382-UTC 384.11 383.62 407.62 428.97 394.73 393.23 395.70 387.87
2023-02-22-02:43:25.560-UTC 379.67 204.92 172.84 367.07 365.39 173.85 300.43 394.71
2023-02-22-02:43:25.719-UTC 379.01 405.85 383.10 416.32 420.14 380.85 423.57 298.97
2023-02-22-02:43:25.890-UTC 380.79 386.64 385.34 357.75 384.02 410.05 356.18 407.46
2023-02-22-02:43:26.062-UTC 367.83 404.93 409.40 442.81 357.88 441.16 358.67 370.60
2023-02-22-02:43:26.251-UTC 388.93 421.92 365.23 367.34 428.99 416.85 370.64 374.24
2023-02-22-02:43:26.434-UTC 373.85 384.21 364.96 247.85 239.80 390.53 276.30 414.64
2023-02-22-02:43:26.612-UTC 373.85 388.23 384.15 389.37 422.36 407.04 391.75 400.10
2023-02-22-02:43:26.956-UTC 358.77 381.25 421.78 375.51 398.94 387.56 410.64 433.94
2023-02-22-02:43:27.124-UTC 370.22 383.35 379.61 427.46 401.05 407.04 362.52 381.79
2023-02-22-02:43:27.300-UTC 377.14 237.79 181.34 176.32 178.39 181.10 176.05 166.01
2023-02-22-02:43:27.477-UTC 405.16 423.01 415.13 424.48 422.09 389.66 436.81 402.37
2023-02-22-02:43:27.643-UTC 391.78 417.99 150.83 439.51 393.82 413.99 385.61 378.80
2023-02-22-02:43:28.128-UTC 405.16 380.33 439.38 383.63 410.97 380.00 384.42 416.76
2023-02-22-02:43:28.309-UTC 185.16 173.67 416.16 182.99 415.61 175.18 183.92 437.71
2023-02-22-02:43:28.486-UTC 179.40 417.44 384.30 173.79 176.92 410.97 116.32 419.47
2023-02-22-02:43:28.654-UTC 420.55 406.17 385.61 388.12 406.17 413.83 370.37 406.77
2023-02-22-02:43:28.817-UTC 380.47 393.23 391.34 379.41 426.30 394.73 394.78 403.14
2023-02-22-02:43:28.985-UTC 404.98 382.11 387.72 361.93 349.45 410.05 397.07 407.19
2023-02-22-02:43:29.162-UTC 394.68 428.55 407.89 366.42 342.22 385.45 415.13 376.36
2023-02-22-02:43:29.326-UTC 437.85 396.75 410.32 402.90 393.96 422.36 391.48 410.24
2023-02-22-02:43:29.498-UTC 336.13 374.02 343.25 383.90 408.55 406.61 350.22 337.12
2023-02-22-02:43:29.674-UTC 399.83 441.16 389.55 393.26 429.59 381.51 385.42 376.68
2023-02-22-02:43:29.850-UTC 407.04 374.34 381.72 401.71 428.08 392.96 375.19 395.09
2023-02-22-02:43:30.019-UTC 431.53 294.72 413.78 360.41 357.29 434.53 309.80 422.33
2023-02-22-02:43:30.184-UTC 425.48 401.96 378.68 377.62 411.89 390.26 372.48 320.77
2023-02-22-02:43:30.356-UTC 373.53 426.77 403.99 359.49 358.14 363.50 406.85 380.47
2023-02-22-02:43:30.538-UTC 364.47 430.65 417.83 356.52 356.63 359.88 417.24 416.42
2023-02-22-02:43:30.705-UTC 398.90 417.44 369.06 408.81 431.37 403.15 364.63 312.61
2023-02-22-02:43:30.866-UTC 439.83 397.34 401.89 405.60 397.25 419.66 392.07 413.55
2023-02-22-02:43:31.028-UTC 389.58 397.75 386.26 423.89 407.69 325.62 380.21 381.12
2023-02-22-02:43:31.440-UTC 385.35 404.93 409.13 401.11 376.44 399.26 382.63 398.64
2023-02-22-02:43:31.622-UTC 405.58 180.18 368.79 398.68 386.91 406.77 372.48 180.25
2023-02-22-02:43:31.777-UTC 260.55 185.64 351.60 411.99 431.57 399.71 423.57 311.36
2023-02-22-02:43:31.948-UTC 412.53 378.82 385.61 428.11 335.30 428.22 424.76 407.04
2023-02-22-02:43:32.113-UTC 442.27 411.89 396.07 404.73 428.67 402.23 415.13 371.80
2023-02-22-02:43:32.280-UTC 447.69 352.38 389.83 380.60 416.69 378.82 397.39 411.28
2023-02-22-02:43:32.446-UTC 440.43 364.09 400.37 371.29 298.94 356.59 368.26 407.80
2023-02-22-02:43:32.623-UTC 255.72 389.74 360.95 432.47 412.65 417.01 441.03 403.28
2023-02-22-02:43:32.785-UTC 417.62 389.66 381.39 376.37 355.77 337.73 382.71 381.19
2023-02-22-02:43:32.956-UTC 380.20 425.26 368.47 394.78 346.75 363.50 359.49 373.65
2023-02-22-02:43:33.132-UTC 431.11 433.93 400.37 361.61 418.80 386.04 398.58 394.49
2023-02-22-02:43:33.300-UTC 406.03 379.41 383.50 334.24 297.42 306.46 184.17 407.46
2023-02-22-02:43:33.474-UTC 415.72 385.13 380.53 395.29 406.17 411.14 427.18 411.92
2023-02-22-02:43:33.639-UTC 371.73 420.73 436.68 374.86 368.68 440.83 284.77 350.68
2023-02-22-02:43:33.836-UTC 415.72 386.64 402.06 378.49 403.15 371.59 405.50 385.62
2023-02-22-02:43:34.009-UTC 374.18 423.75 379.28 437.41 406.17 439.06 378.22 402.64
2023-02-22-02:43:34.182-UTC 415.29 302.24 402.98 437.14 415.78 412.32 407.89 423.53
2023-02-22-02:43:34.345-UTC 425.04 420.46 377.50 387.53 399.26 389.66 369.45 361.91
2023-02-22-02:43:34.504-UTC 374.78 421.33 431.82 366.74 369.01 358.69 391.15 405.25
2023-02-22-02:43:34.672-UTC 366.59 416.85 435.17 363.12 428.22 360.48 389.37 409.58
2023-02-22-02:43:34.849-UTC 400.10 404.51 371.50 413.35 404.93 430.92 374.27 325.61
2023-02-22-02:43:35.015-UTC 435.29 400.36 386.85 393.07 407.46 385.13 428.23 409.16
2023-02-22-02:43:35.180-UTC 345.76 409.14 333.62 380.33 400.45 396.24 391.15 370.33
2023-02-22-02:43:35.340-UTC 366.59 367.38 407.02 377.62 359.99 362.58 371.56 411.92
2023-02-22-02:43:35.522-UTC 361.16 431.84 407.89 383.03 362.09 366.52 371.56 384.51
2023-02-22-02:43:35.700-UTC 316.20 290.18 373.88 432.74 412.92 420.02 423.45 337.73
2023-02-22-02:43:35.865-UTC 414.04 381.25 403.07 412.10 394.14 393.55 438.00 397.39
2023-02-22-02:43:36.027-UTC 394.08 386.64 402.98 381.72 386.32 397.61 374.20 407.96
2023-02-22-02:43:36.289-UTC 381.00 390.44 410.00 395.29 389.34 386.64 386.66 432.75
2023-02-22-02:43:36.450-UTC 375.64 395.51 397.66 436.81 397.16 393.14 372.36 406.28
2023-02-22-02:43:36.618-UTC 154.46 186.51 274.52 404.59 416.85 380.53 423.13 181.63
2023-02-22-02:43:36.793-UTC 391.69 412.32 414.86 413.02 401.05 399.86 377.50 392.70
2023-02-22-02:43:36.973-UTC 410.85 389.93 420.69 390.74 396.24 361.12 431.55 366.37
2023-02-22-02:43:37.142-UTC 439.51 406.34 436.03 375.51 384.34 359.01 448.40 422.18
2023-02-22-02:43:37.323-UTC 450.67 406.17 418.58 390.56 359.39 377.90 270.26 416.42
2023-02-22-02:43:37.486-UTC 422.66 407.95 412.59 407.02 419.66 397.34 395.37 397.53
2023-02-22-02:43:37.649-UTC 398.82 402.88 426.42 435.62 395.65 386.32 375.19 423.37
2023-02-22-02:43:37.982-UTC 387.33 385.13 424.16 446.76 401.05 376.72 409.13 405.58
2023-02-22-02:43:38.155-UTC 405.16 409.63 403.30 415.73 388.74 393.23 434.38 360.94
2023-02-22-02:43:38.327-UTC 412.96 186.91 397.58 419.67 182.61 428.87 184.97 356.01
2023-02-22-02:43:38.491-UTC 375.37 392.63 382.63 387.25 397.43 395.65 384.42 391.18
2023-02-22-02:43:38.718-UTC 365.39 385.45 374.20 397.39 403.15 402.23 421.45 400.75
2023-02-22-02:43:38.882-UTC 384.11 430.05 443.73 443.14 403.75 410.22 398.26 382.71
2023-02-22-02:43:39.062-UTC 398.31 378.23 419.67 364.96 431.84 388.42 427.78 411.92
2023-02-22-02:43:39.228-UTC 409.81 405.85 411.94 399.51 428.67 375.20 418.43 397.80
2023-02-22-02:43:39.390-UTC 401.35 384.21 114.59 395.97 407.04 392.04 420.86 398.40
2023-02-22-02:43:39.726-UTC 398.90 441.75 440.24 403.82 402.88 430.78 421.78 407.04
2023-02-22-02:43:39.887-UTC 359.97 390.71 368.15 403.72 394.73 403.65 409.40 378.15
2023-02-22-02:43:40.054-UTC 177.94 183.54 370.05 199.59 171.14 188.43 188.34 178.73
2023-02-22-02:43:40.233-UTC 408.14 385.72 417.24 385.74 411.08 373.10 381.19 389.99
2023-02-22-02:43:40.398-UTC 415.40 372.50 403.99 310.73 403.47 316.35 368.53 402.96
2023-02-22-02:43:40.575-UTC 443.47 432.43 409.13 358.62 407.95 357.50 417.56 403.74
2023-02-22-02:43:40.743-UTC 422.93 439.65 391.07 434.38 344.64 368.29 377.62 423.97
2023-02-22-02:43:40.923-UTC 135.18 389.85 128.39 109.14 242.00 108.48 207.94 411.70
2023-02-22-02:43:41.090-UTC 426.23 397.16 405.18 412.53 402.56 382.11 400.51 385.23
2023-02-22-02:43:41.467-UTC 412.20 379.02 399.77 399.18 380.72 425.70 401.61 366.97
2023-02-22-02:43:41.649-UTC 391.89 389.34 408.81 374.27 388.74 412.92 372.48 401.62
2023-02-22-02:43:41.815-UTC 191.52 361.50 189.41 184.78 182.10 368.68 182.67 182.64
2023-02-22-02:43:41.982-UTC 433.82 368.83 404.31 427.63 410.81 423.27 396.89 405.25
2023-02-22-02:43:42.145-UTC 369.56 386.32 387.13 422.97 402.56 417.71 428.11 355.51
2023-02-22-02:43:42.305-UTC 407.96 395.83 381.39 381.52 400.13 376.44 431.40 414.64
2023-02-22-02:43:42.484-UTC 390.18 390.26 378.42 381.19 377.70 365.27 423.89 415.83
2023-02-22-02:43:42.664-UTC 413.61 375.53 189.81 400.10 402.23 356.96 375.78 275.35
2023-02-22-02:43:42.831-UTC 394.68 403.15 407.89 420.70 398.35 428.99 407.44 402.22
2023-02-22-02:43:43.003-UTC 340.01 379.41 354.03 412.75 409.46 408.44 379.93 304.73
2023-02-22-02:43:43.179-UTC 395.28 366.19 401.79 398.58 341.94 397.75 371.29 357.03
2023-02-22-02:43:43.347-UTC 385.95 364.68 380.53 377.90 347.02 355.40 426.86 380.26
2023-02-22-02:43:43.520-UTC 449.80 198.79 422.53 444.33 401.47 433.35 405.33 393.48
2023-02-22-02:43:43.693-UTC 348.83 392.36 346.88 402.03 401.37 381.84 415.13 394.08
2023-02-22-02:43:43.856-UTC 414.81 394.47 418.58 411.24 421.50 403.05 365.83 439.97
2023-02-22-02:43:44.027-UTC 424.77 365.60 424.32 398.85 445.36 393.40 376.11 380.60
2023-02-22-02:43:44.198-UTC 288.68 366.19 322.15 208.49 368.68 184.00 314.35 385.10
2023-02-22-02:43:44.374-UTC 403.14 414.26 407.02 429.74 388.42 428.08 419.79 396.80
2023-02-22-02:43:44.535-UTC 346.68 396.83 342.93 360.41 362.69 347.34 432.47 379.40
2023-02-22-02:43:44.708-UTC 373.53 395.92 381.39 375.78 442.35 362.31 404.91 436.06
2023-02-22-02:43:44.892-UTC 377.16 392.96 380.21 396.89 442.67 355.99 360.41 421.85
2023-02-22-02:43:45.073-UTC 397.35 416.85 273.88 379.93 424.66 393.73 442.08 398.13
2023-02-22-02:43:45.244-UTC 367.50 412.65 420.86 383.03 397.75 380.92 359.49 402.86
2023-02-22-02:43:45.408-UTC 368.43 423.27 360.63 354.40 420.58 384.53 395.88 401.02
2023-02-22-02:43:45.584-UTC 446.50 366.52 435.44 399.00 412.75 379.14 393.45 405.58
2023-02-22-02:43:45.763-UTC 454.89 194.24 433.93 394.46 201.44 373.10 314.35 415.99
2023-02-22-02:43:45.937-UTC 391.96 404.34 397.66 402.48 416.37 401.54 380.53 403.14
2023-02-22-02:43:46.112-UTC 408.46 364.41 405.68 419.02 101.54 421.33 399.18 406.77
2023-02-22-02:43:46.425-UTC 395.46 383.81 410.91 408.81 410.65 409.63 388.96 392.57
2023-02-22-02:43:46.592-UTC 369.02 408.72 398.85 435.30 407.36 451.34 399.51 244.19
2023-02-22-02:43:46.755-UTC 292.32 178.39 310.08 395.88 410.05 396.42 418.58 198.09
2023-02-22-02:43:46.926-UTC 411.92 387.42 402.48 372.48 392.04 373.42 389.23 390.26
2023-02-22-02:43:47.100-UTC 430.78 374.02 417.73 393.78 351.23 376.44 459.53 344.92
2023-02-22-02:43:47.287-UTC 404.24 370.99 404.49 383.31 349.13 370.72 451.57 338.90
2023-02-22-02:43:47.459-UTC 402.12 424.02 396.15 388.44 437.87 368.62 275.09 403.47
2023-02-22-02:43:47.639-UTC 419.89 390.53 414.70 382.04 404.76 383.35 396.75 395.69
2023-02-22-02:43:47.809-UTC 416.76 380.92 394.37 367.07 390.26 357.77 332.12 412.80
2023-02-22-02:43:47.982-UTC 351.50 415.78 362.14 354.08 409.79 384.81 367.34 342.20
2023-02-22-02:43:48.157-UTC 353.30 377.31 375.98 363.12 354.53 402.56 370.37 348.23
2023-02-22-02:43:48.326-UTC 237.16 422.39 233.43 187.88 419.82 194.24 389.23 402.37
2023-02-22-02:43:48.494-UTC 314.36 386.32 395.56 374.00 395.65 105.06 427.46 393.30
2023-02-22-02:43:48.810-UTC 372.93 404.51 385.01 380.60 418.48 400.13 375.51 388.14
2023-02-22-02:43:48.974-UTC 401.53 409.63 412.42 377.23 434.72 364.89 392.34 431.56
2023-02-22-02:43:49.160-UTC 177.20 197.39 181.15 180.47 214.55 359.76 365.83 176.19
2023-02-22-02:43:49.314-UTC 211.80 424.94 242.24 307.10 436.96 317.85 430.63 177.66
2023-02-22-02:43:49.485-UTC 404.98 417.44 419.67 423.24 392.45 368.68 107.98 381.58
2023-02-22-02:43:49.821-UTC 387.14 386.32 398.58 404.73 394.73 395.92 363.71 382.91
2023-02-22-02:43:50.000-UTC 396.71 382.11 417.83 372.75 375.20 409.96 370.05 419.47
2023-02-22-02:43:50.192-UTC 176.09 245.62 179.50 183.26 199.38 178.21 317.33 180.25
2023-02-22-02:43:50.352-UTC 412.53 421.33 412.75 427.78 426.30 425.26 423.57 387.14
2023-02-22-02:43:50.515-UTC 370.22 378.82 416.97 366.36 402.65 371.59 436.35 416.76
2023-02-22-02:43:50.846-UTC 383.83 420.14 421.13 379.61 388.42 398.35 382.31 416.15
2023-02-22-02:43:51.015-UTC 380.40 390.26 417.83 391.67 348.53 393.55 384.74 371.41
2023-02-22-02:43:51.189-UTC 412.53 168.58 412.92 432.14 175.36 425.68 165.74 392.75
2023-02-22-02:43:51.355-UTC 424.89 373.69 407.02 407.89 390.26 421.06 392.86 405.58
2023-02-22-02:43:51.520-UTC 360.89 373.69 388.04 374.00 386.91 365.01 370.64 379.67
2023-02-22-02:43:51.693-UTC 356.66 392.36 382.91 359.81 366.52 357.18 376.97 381.51
2023-02-22-02:43:51.869-UTC 425.04 389.66 404.59 394.96 366.58 365.01 393.18 395.09
2023-02-22-02:43:52.034-UTC 413.71 420.26 415.13 432.92 418.80 425.70 412.42 411.70
2023-02-22-02:43:52.196-UTC 386.82 383.35 363.66 360.74 390.26 374.02 378.09 400.52
2023-02-22-02:43:52.359-UTC 360.24 366.52 375.51 370.96 379.14 383.02 379.41 392.37
2023-02-22-02:43:52.520-UTC 353.62 394.14 381.39 369.78 396.24 378.49 374.59 390.85
2023-02-22-02:43:52.701-UTC 253.25 399.86 332.45 321.90 383.02 317.27 409.13 313.54
2023-02-22-02:43:52.865-UTC 411.28 410.81 411.24 421.45 413.35 414.86 394.05 398.90
2023-02-22-02:43:53.035-UTC 420.82 377.31 419.83 420.27 409.79 424.02 406.69 426.23
2023-02-22-02:43:53.212-UTC 431.98 362.90 422.80 402.48 371.59 418.63 405.77 429.12
2023-02-22-02:43:53.389-UTC 350.59 359.01 363.06 369.78 375.53 416.26 376.37 423.10
2023-02-22-02:43:53.557-UTC 423.41 418.80 410.48 404.17 408.55 403.33 422.97 405.25
2023-02-22-02:43:53.722-UTC 346.72 406.93 381.72 409.82 412.16 389.02 398.26 337.38
2023-02-22-02:43:53.895-UTC 438.05 397.75 428.25 440.43 416.96 375.53 407.02 364.58
2023-02-22-02:43:54.061-UTC 426.88 390.71 415.61 419.35 401.96 441.43 409.13 437.12
2023-02-22-02:43:54.240-UTC 285.36 377.63 274.49 246.40 377.04 260.39 413.94 276.87
2023-02-22-02:43:54.408-UTC 387.93 410.05 406.10 403.99 402.23 397.75 416.97 390.77
2023-02-22-02:43:54.584-UTC 351.83 371.91 316.14 326.04 405.26 327.79 366.42 320.17
2023-02-22-02:43:54.747-UTC 367.83 428.87 348.89 375.78 407.04 374.93 361.01 353.06
2023-02-22-02:43:54.911-UTC 421.14 423.75 352.20 381.52 412.16 374.34 394.96 366.97
2023-02-22-02:43:55.086-UTC 396.19 401.81 381.91 403.07 404.34 406.34 426.27 372.33
2023-02-22-02:43:55.251-UTC 399.83 406.93 401.29 405.18 407.95 366.19 372.15 386.35
2023-02-22-02:43:55.420-UTC 378.68 368.02 423.13 425.08 392.77 391.03 359.49 387.73
2023-02-22-02:43:55.600-UTC 422.33 368.02 357.66 368.86 381.84 408.44 354.40 390.18
2023-02-22-02:43:55.783-UTC 422.33 243.16 353.44 372.15 283.25 385.45 295.32 361.86
2023-02-22-02:43:55.952-UTC 401.80 393.23 398.26 378.49 383.42 397.94 405.93 391.05
2023-02-22-02:43:56.113-UTC 411.92 375.53 386.26 372.48 416.52 406.61 443.86 379.99
2023-02-22-02:43:56.288-UTC 390.18 403.33 416.54 375.98 426.45 363.82 418.75 388.34
2023-02-22-02:43:56.475-UTC 388.66 408.44 419.83 380.33 437.23 360.20 414.54 381.39
2023-02-22-02:43:56.657-UTC 402.54 423.15 412.42 427.63 434.26 415.78 409.13 414.47
2023-02-22-02:43:56.820-UTC 412.96 409.63 388.64 404.59 336.82 353.89 381.79 360.94
2023-02-22-02:43:56.993-UTC 435.29 397.34 417.24 395.56 369.21 419.55 361.33 410.68
2023-02-22-02:43:57.165-UTC 431.11 360.20 404.91 401.29 401.37 409.63 436.35 401.62
2023-02-22-02:43:57.338-UTC 383.23 355.40 382.63 368.53 323.00 107.01 254.86 139.77
2023-02-22-02:43:57.506-UTC 408.89 383.35 399.60 406.03 380.33 433.33 405.77 405.50
2023-02-22-02:43:57.669-UTC 349.76 339.52 392.86 340.23 348.53 345.24 400.51 362.13
2023-02-22-02:43:57.851-UTC 383.83 380.59 416.65 387.13 362.69 358.69 366.42 373.92
2023-02-22-02:43:58.025-UTC 419.30 377.63 374.80 383.03 375.59 386.04 371.56 368.81
2023-02-22-02:43:58.193-UTC 423.85 316.07 424.91 435.17 394.14 407.53 410.15 413.71
2023-02-22-02:43:58.358-UTC 422.33 376.12 374.00 375.19 376.44 414.75 417.83 402.37
2023-02-22-02:43:58.529-UTC 388.66 377.04 404.17 378.22 421.17 382.43 425.35 401.35
2023-02-22-02:43:58.704-UTC 391.05 377.90 404.59 379.28 423.43 377.04 430.04 371.53
2023-02-22-02:43:58.876-UTC 381.39 403.65 346.23 325.52 364.79 365.01 367.66 350.35
2023-02-22-02:43:59.039-UTC 417.84 416.10 422.65 420.70 378.49 418.04 412.42 422.77
2023-02-22-02:43:59.205-UTC 374.78 386.32 381.12 346.55 374.93 382.11 360.36 385.75
2023-02-22-02:43:59.369-UTC 432.30 369.80 403.07 389.96 414.86 407.85 418.58 404.33
2023-02-22-02:43:59.546-UTC 386.82 374.61 402.80 397.66 418.80 371.59 418.91 404.33
2023-02-22-02:43:59.717-UTC 318.65 431.39 382.63 399.77 412.65 319.05 407.89 353.67
2023-02-22-02:43:59.887-UTC 400.02 412.05 391.34 384.55 383.94 416.85 414.21 407.37
2023-02-22-02:44:00.051-UTC 436.80 396.15 408.97 386.53 375.92 370.40 351.96 389.66
2023-02-22-02:44:00.221-UTC 415.08 393.73 396.48 382.12 371.11 404.93 346.88 404.98
2023-02-22-02:44:00.397-UTC 409.66 374.02 385.61 382.44 413.83 400.95 419.83 405.25
2023-02-22-02:44:00.554-UTC 414.64 411.89 420.43 431.68 404.49 409.80 405.01 412.37
2023-02-22-02:44:00.717-UTC 375.05 410.81 403.07 385.15 378.23 391.44 402.80 412.53
2023-02-22-02:44:00.879-UTC 438.32 410.81 412.75 411.83 383.62 376.12 355.59 389.33
2023-02-22-02:44:01.042-UTC 433.82 400.95 408.97 413.35 380.59 434.85 357.38 427.93
2023-02-22-02:44:01.207-UTC 272.01 351.46 226.73 195.17 361.99 258.61 414.54 263.54
2023-02-22-02:44:01.376-UTC 414.91 415.45 406.69 411.34 410.65 398.52 391.93 389.25
2023-02-22-02:44:01.546-UTC 309.25 375.20 357.71 338.11 377.04 332.01 421.78 304.73
2023-02-22-02:44:01.710-UTC 345.49 425.85 390.47 374.27 398.94 369.48 363.12 360.34
2023-02-22-02:44:01.889-UTC 405.76 421.06 408.21 407.29 395.65 376.72 363.44 368.22
2023-02-22-02:44:02.054-UTC 400.93 399.44 413.18 426.15 432.02 406.61 421.13 392.57
2023-02-22-02:44:02.217-UTC 398.90 405.74 410.32 418.43 427.21 394.14 383.50 383.31
2023-02-22-02:44:02.388-UTC 362.36 363.23 377.50 384.55 379.14 421.92 404.41 385.10
2023-02-22-02:44:02.563-UTC 349.71 367.70 384.22 362.52 371.71 375.20 407.62 368.81
2023-02-22-02:44:02.737-UTC 357.26 436.96 380.80 368.53 403.47 369.21 383.23 369.68
2023-02-22-02:44:02.909-UTC 436.80 391.44 408.54 442.55 428.40 378.49 416.05 394.17
2023-02-22-02:44:03.082-UTC 391.37 414.75 381.39 352.56 412.05 361.12 431.82 384.70
2023-02-22-02:44:03.253-UTC 409.06 434.53 421.61 403.72 412.16 403.65 416.97 370.82
2023-02-22-02:44:03.434-UTC 404.24 370.13 403.89 406.10 363.23 414.43 388.64 372.93
2023-02-22-02:44:03.614-UTC 194.65 412.05 336.33 351.96 412.92 390.26 432.47 410.51
2023-02-22-02:44:03.773-UTC 398.49 358.74 404.91 396.15 423.87 367.38 419.02 391.78
2023-02-22-02:44:03.942-UTC 365.39 436.77 379.61 376.11 422.57 388.74 418.75 397.39
2023-02-22-02:44:04.115-UTC 411.77 433.02 424.32 411.51 413.83 389.93 408.81 402.22
2023-02-22-02:44:04.282-UTC 409.66 289.31 407.02 416.65 234.14 405.42 224.28 363.06
2023-02-22-02:44:04.446-UTC 396.11 391.71 406.87 409.40 408.11 387.83 413.02 429.12
2023-02-22-02:44:04.606-UTC 343.37 325.36 380.80 390.88 345.51 388.61 330.61 387.73
2023-02-22-02:44:04.787-UTC 383.51 358.37 372.10 374.27 381.84 390.85 381.19 399.24
2023-02-22-02:44:04.958-UTC 378.08 427.95 383.23 373.67 427.04 386.32 386.66 404.33
2023-02-22-02:44:05.133-UTC 314.09 114.83 244.88 218.26 107.61 419.70 108.70 415.99
2023-02-22-02:44:05.297-UTC 389.18 415.35 392.86 373.28 420.26 387.16 394.64 413.71
2023-02-22-02:44:05.460-UTC 438.45 337.73 407.62 397.48 360.85 429.73 353.16 375.37
2023-02-22-02:44:05.634-UTC 352.43 374.34 394.96 396.15 371.32 424.66 378.49 366.10
2023-02-22-02:44:05.814-UTC 374.45 355.99 412.42 425.99 368.62 310.35 387.25 360.94
2023-02-22-02:44:06.006-UTC 399.51 413.99 402.90 387.25 425.11 399.86 402.21 396.28
2023-02-22-02:44:06.188-UTC 425.97 372.23 437.27 417.56 410.81 379.93 372.48 335.86
2023-02-22-02:44:06.540-UTC 364.74 396.42 392.86 404.31 398.94 389.85 393.18 359.42
2023-02-22-02:44:06.704-UTC 388.52 237.79 383.82 363.44 387.31 401.54 380.72 425.48
2023-02-22-02:44:06.864-UTC 185.16 177.02 190.93 185.38 175.69 418.19 205.01 393.76
2023-02-22-02:44:07.030-UTC 403.91 380.92 399.09 410.64 375.80 420.14 397.99 379.40
2023-02-22-02:44:07.193-UTC 428.67 342.18 415.29 407.29 334.12 362.58 414.21 367.56
2023-02-22-02:44:07.361-UTC 369.30 378.23 392.86 376.97 388.74 358.10 343.25 361.54
2023-02-22-02:44:07.536-UTC 351.83 378.23 395.56 379.41 390.26 392.81 340.23 373.32
2023-02-22-02:44:07.716-UTC 414.64 406.17 415.46 418.27 393.64 415.35 409.82 397.39
2023-02-22-02:44:07.877-UTC 394.87 384.21 403.72 398.26 377.63 367.11 392.86 377.28
2023-02-22-02:44:08.058-UTC 410.57 405.16 412.75 405.50 369.48 399.71 401.29 419.74
2023-02-22-02:44:08.232-UTC 401.20 417.71 414.43 415.13 368.02 351.46 394.05 362.73
2023-02-22-02:44:08.404-UTC 398.49 381.51 422.80 435.44 389.66 320.56 344.12 261.96
2023-02-22-02:44:08.572-UTC 403.14 383.02 408.81 409.13 387.56 407.53 392.86 383.31
2023-02-22-02:44:08.734-UTC 363.50 383.02 406.43 382.12 400.45 409.96 367.07 400.75
2023-02-22-02:44:08.910-UTC 350.59 409.96 398.58 373.08 393.82 394.05 349.26 411.00
2023-02-22-02:44:09.093-UTC 400.02 417.71 413.51 409.40 361.39 400.63 403.72 416.42
2023-02-22-02:44:09.261-UTC 412.69 408.28 419.02 422.65 421.50 403.23 412.26 412.80
2023-02-22-02:44:09.433-UTC 424.89 371.11 129.84 411.34 389.42 418.63 385.74 394.41
2023-02-22-02:44:09.765-UTC 378.61 385.32 376.58 375.98 446.87 427.63 435.62 416.15
2023-02-22-02:44:09.941-UTC 386.42 377.31 363.99 370.37 410.65 420.73 395.29 427.93
2023-02-22-02:44:10.111-UTC 182.37 182.69 396.71 193.84 185.32 381.44 184.19 291.42
2023-02-22-02:44:10.280-UTC 394.87 398.85 392.86 373.61 378.49 402.88 391.93 424.89
2023-02-22-02:44:10.443-UTC 389.77 365.27 388.56 403.72 396.83 403.05 353.48 410.08
2023-02-22-02:44:10.617-UTC 423.53 428.55 384.74 417.56 406.17 381.84 431.82 405.58
2023-02-22-02:44:10.789-UTC 426.56 435.12 375.71 392.07 403.15 390.85 452.62 403.47
2023-02-22-02:44:10.979-UTC 412.10 399.86 413.35 412.85 403.30 422.12 393.26 411.50
2023-02-22-02:44:11.143-UTC 399.24 407.26 356.79 345.72 338.33 369.21 397.39 410.41
2023-02-22-02:44:11.308-UTC 395.60 360.20 401.89 413.61 386.64 400.63 350.45 386.54
2023-02-22-02:44:11.488-UTC 397.39 366.78 396.66 427.46 401.05 379.74 376.11 391.78
2023-02-22-02:44:11.658-UTC 305.01 429.46 391.67 400.51 438.92 205.13 412.42 239.25
2023-02-22-02:44:11.818-UTC 391.37 386.91 398.85 404.41 402.56 369.21 387.13 414.31
2023-02-22-02:44:11.978-UTC 441.16 439.78 399.09 415.46 365.60 357.50 442.67 345.88
2023-02-22-02:44:12.149-UTC 441.62 368.89 387.45 414.86 357.50 406.34 361.33 380.60
2023-02-22-02:44:12.322-UTC 390.36 362.90 394.05 369.66 393.82 419.22 379.68 383.90
2023-02-22-02:44:12.501-UTC 411.67 386.64 419.83 421.94 428.99 432.89 402.30 380.86
2023-02-22-02:44:12.665-UTC 347.96 395.51 400.37 399.27 376.72 393.23 397.07 412.20
2023-02-22-02:44:12.828-UTC 438.05 433.93 415.29 419.02 386.12 405.42 426.59 440.61
2023-02-22-02:44:12.992-UTC 432.30 427.36 396.75 408.21 367.11 384.81 440.89 382.38
2023-02-22-02:44:13.156-UTC 283.86 373.69 384.15 230.37 400.45 330.82 381.52 378.80
2023-02-22-02:44:13.315-UTC 440.30 412.75 399.36 427.78 396.83 405.16 425.79 412.03
2023-02-22-02:44:13.479-UTC 397.58 379.41 386.53 393.78 382.23 297.99 407.12 406.28
2023-02-22-02:44:13.826-UTC 422.01 395.32 426.42 432.27 413.08 358.69 385.01 374.45
2023-02-22-02:44:14.008-UTC 393.35 402.73 390.74 403.99 414.43 399.11 367.87 381.39
2023-02-22-02:44:14.168-UTC 155.38 186.24 196.88 264.23 190.14 219.09 195.09 174.48
2023-02-22-02:44:14.332-UTC 426.08 416.52 397.39 401.11 374.61 415.78 405.18 413.39
2023-02-22-02:44:14.501-UTC 372.33 381.84 411.67 422.97 382.70 332.58 412.59 354.91
2023-02-22-02:44:14.670-UTC 381.72 404.51 366.96 425.08 419.66 372.50 362.52 398.64
2023-02-22-02:44:14.837-UTC 380.40 410.81 368.15 349.26 415.93 381.51 366.42 395.01
2023-02-22-02:44:15.019-UTC 429.42 425.38 401.19 425.83 412.48 421.21 419.02 332.56
2023-02-22-02:44:15.181-UTC 376.56 404.24 390.74 334.21 373.10 408.44 391.07 411.28
2023-02-22-02:44:15.343-UTC 388.52 377.90 416.54 425.08 386.91 365.92 396.15 373.26
2023-02-22-02:44:15.522-UTC 366.59 372.83 417.39 420.53 379.41 371.91 406.69 405.25
2023-02-22-02:44:15.695-UTC 364.20 407.85 310.99 294.74 182.99 374.02 361.01 399.83
2023-02-22-02:44:15.872-UTC 423.85 411.56 394.37 414.64 410.97 410.81 392.94 408.89
2023-02-22-02:44:16.044-UTC 376.89 421.65 329.67 350.77 343.05 371.59 365.17 443.14
2023-02-22-02:44:16.251-UTC 409.39 425.26 358.85 431.08 380.00 346.66 360.14 428.80
2023-02-22-02:44:16.563-UTC 387.46 413.40 410.32 407.72 420.14 398.02 442.35 393.30
2023-02-22-02:44:16.782-UTC 405.16 335.52 378.09 411.83 404.93 402.73 421.02 385.95
2023-02-22-02:44:17.194-UTC 396.98 374.61 394.37 377.50 433.48 407.53 391.34 382.11
2023-02-22-02:44:17.404-UTC 145.85 420.62 275.99 386.85 408.44 172.39 417.99 434.54
2023-02-22-02:44:19.050-UTC 388.34 387.16 390.74 420.27 415.18 404.24 378.49 413.39
2023-02-22-02:44:19.240-UTC 384.30 418.36 358.30 417.56 418.36 428.87 439.65 373.32
2023-02-22-02:44:19.418-UTC 372.93 420.46 418.91 360.41 364.20 415.02 451.70 375.76
2023-02-22-02:44:19.582-UTC 369.30 314.24 418.91 358.89 360.85 378.49 268.74 275.67
2023-02-22-02:44:19.756-UTC 404.98 409.14 392.86 392.86 423.43 398.02 414.97 395.42
2023-02-22-02:44:19.926-UTC 375.37 352.70 340.82 386.01 417.29 368.62 308.88 431.98
2023-02-22-02:44:20.109-UTC 403.64 384.81 366.04 400.70 445.36 363.82 355.00 416.76
2023-02-22-02:44:20.283-UTC 402.72 384.81 377.23 426.59 432.16 425.26 370.96 377.55
2023-02-22-02:44:20.455-UTC 423.53 382.43 417.56 418.00 287.78 410.55 400.10 408.14
2023-02-22-02:44:20.622-UTC 425.64 392.96 388.37 389.37 416.96 391.63 381.72 391.78
2023-02-22-02:44:20.789-UTC 390.45 381.25 375.39 406.69 364.47 351.20 410.00 379.67
2023-02-22-02:44:20.970-UTC 390.45 409.04 372.36 392.53 374.41 349.36 351.70 431.23
2023-02-22-02:44:21.135-UTC 414.48 411.46 395.29 396.15 445.95 272.13 357.38 250.47
2023-02-22-02:44:21.304-UTC 415.24 410.55 420.53 405.18 389.34 401.05 386.53 388.14
2023-02-22-02:44:21.462-UTC 423.85 407.36 407.78 402.90 351.56 414.43 375.12 328.32
2023-02-22-02:44:21.628-UTC 391.05 388.42 375.39 418.43 367.11 351.20 390.15 375.17
2023-02-22-02:44:21.794-UTC 391.96 382.70 385.01 403.99 359.07 349.09 386.26 443.33
2023-02-22-02:44:21.972-UTC 100.54 247.99 106.30 100.06 99.53 102.83 177.47 109.15
2023-02-22-02:44:22.152-UTC 397.72 409.36 419.02 430.04 423.75 394.47 430.22 402.37
2023-02-22-02:44:22.328-UTC 430.19 389.93 399.18 397.66 388.56 401.05 366.74 347.08
2023-02-22-02:44:22.502-UTC 383.83 384.81 383.23 374.86 370.99 359.66 413.61 424.89
2023-02-22-02:44:22.682-UTC 368.70 421.65 379.28 367.66 373.69 352.70 355.27 406.45
2023-02-22-02:44:22.857-UTC 405.76 250.11 394.96 305.90 256.17 417.01 249.95 389.58
2023-02-22-02:44:23.027-UTC 429.87 402.73 415.29 404.31 411.89 393.82 383.50 385.95
2023-02-22-02:44:23.187-UTC 422.66 325.96 413.61 346.23 332.60 428.87 404.91 373.85
2023-02-22-02:44:23.353-UTC 380.20 379.14 382.31 371.56 372.30 418.63 400.10 380.26
2023-02-22-02:44:23.533-UTC 385.02 388.15 388.37 367.34 372.62 354.48 397.39 377.55
2023-02-22-02:44:23.705-UTC 406.18 399.71 423.89 408.96 389.42 407.69 442.35 398.31
2023-02-22-02:44:23.866-UTC 422.01 398.85 419.83 400.96 417.56 328.04 330.01 400.43
2023-02-22-02:44:24.049-UTC 415.08 429.46 409.40 413.61 444.45 348.17 374.47 437.58
2023-02-22-02:44:24.224-UTC 409.06 423.15 401.19 414.86 450.43 416.85 370.58 378.47
2023-02-22-02:44:24.392-UTC 415.40 377.90 407.78 364.63 369.48 406.02 339.39 268.05
2023-02-22-02:44:24.562-UTC 382.58 399.11 413.02 397.99 391.12 396.24 393.78 399.83
2023-02-22-02:44:24.727-UTC 395.87 379.02 397.07 392.53 362.95 383.54 370.91 412.20
2023-02-22-02:44:24.890-UTC 456.86 410.70 437.54 416.05 436.04 363.50 392.86 427.60
2023-02-22-02:44:25.066-UTC 451.59 418.04 430.63 414.21 449.25 416.52 390.47 432.90
2023-02-22-02:44:25.239-UTC 401.20 396.57 403.57 404.73 384.02 421.80 420.86 423.85
2023-02-22-02:44:25.398-UTC 375.64 399.11 395.74 404.59 398.02 391.71 388.37 341.64
2023-02-22-02:44:25.568-UTC 366.31 350.01 373.40 376.97 360.85 379.14 373.01 374.83
2023-02-22-02:44:25.743-UTC 363.88 353.89 376.31 362.25 366.90 373.69 365.23 421.58
2023-02-22-02:44:25.905-UTC 425.97 406.02 428.25 408.54 427.36 177.65 402.80 325.88
2023-02-22-02:44:26.074-UTC 391.37 397.02 388.64 403.07 392.96 402.88 426.27 370.82
2023-02-22-02:44:26.238-UTC 394.60 333.20 399.68 404.31 440.24 370.72 419.83 334.35
2023-02-22-02:44:26.412-UTC 410.85 359.29 409.89 371.50 368.62 386.32 393.18 389.06
2023-02-22-02:44:26.593-UTC 372.07 359.29 362.14 364.58 364.68 394.32 384.74 385.42
2023-02-22-02:44:26.755-UTC 442.08 310.35 407.46 432.59 409.46 431.97 391.75 382.31
2023-02-22-02:44:26.915-UTC 393.07 396.15 383.23 397.39 385.45 418.63 419.94 381.51
2023-02-22-02:44:27.092-UTC 365.01 424.02 398.77 401.29 419.66 411.14 434.70 379.01
2023-02-22-02:44:27.271-UTC 363.27 407.53 399.68 393.45 424.94 383.62 426.15 409.81
2023-02-22-02:44:27.444-UTC 341.26 365.60 342.10 375.39 382.70 384.53 392.26 395.87
2023-02-22-02:44:27.614-UTC 404.56 399.26 428.97 403.82 426.89 398.26 386.93 413.39
2023-02-22-02:44:27.778-UTC 391.69 411.46 386.85 414.21 401.81 382.62 378.09 394.49
2023-02-22-02:44:27.954-UTC 416.32 400.45 404.76 412.75 395.92 435.77 370.64 366.10
2023-02-22-02:44:28.134-UTC 408.14 398.35 404.59 392.53 378.49 433.67 383.82 364.25
2023-02-22-02:44:28.314-UTC 304.14 421.47 352.30 411.08 420.73 398.94 448.08 403.56
2023-02-22-02:44:28.481-UTC 424.12 411.24 419.67 396.29 411.24 397.94 375.19 422.18
2023-02-22-02:44:28.648-UTC 384.11 417.44 389.23 442.67 417.12 339.84 398.26 428.80
2023-02-22-02:44:28.823-UTC 424.12 402.73 403.30 413.02 398.67 340.35 389.83 412.80
2023-02-22-02:44:28.990-UTC 412.96 234.46 405.77 234.87 237.41 398.52 201.20 364.85
2023-02-22-02:44:29.158-UTC 408.46 409.46 415.88 393.86 407.04 391.95 425.35 408.89
2023-02-22-02:44:29.321-UTC 419.47 346.39 405.18 339.03 334.12 335.30 368.86 371.20
2023-02-22-02:44:29.495-UTC 381.72 397.16 386.53 398.68 359.39 350.60 376.97 444.06
2023-02-22-02:44:29.674-UTC 379.87 410.22 387.13 423.57 404.34 345.80 373.40 425.21
2023-02-22-02:44:29.843-UTC 254.79 111.72 262.72 108.70 105.76 420.02 108.70 393.35
2023-02-22-02:44:30.008-UTC 405.16 391.44 421.02 415.13 410.05 399.11 401.61 413.71
2023-02-22-02:44:30.277-UTC 386.14 395.92 430.36 418.75 431.84 419.82 458.34 175.49
2023-02-22-02:44:30.467-UTC 378.88 403.65 397.25 397.66 366.78 421.33 432.27 367.83
2023-02-22-02:44:30.636-UTC 364.09 378.23 402.06 393.18 359.29 377.83 384.15 369.79
2023-02-22-02:44:30.806-UTC 258.43 187.83 267.87 415.73 421.65 227.30 418.32 273.83
2023-02-22-02:44:30.971-UTC 385.62 409.36 384.74 388.96 414.75 392.63 411.08 403.14
2023-02-22-02:44:31.142-UTC 402.45 410.55 391.85 443.00 459.16 408.72 450.18 432.75
2023-02-22-02:44:31.317-UTC 417.84 397.75 412.59 441.62 447.14 413.56 435.62 440.61
2023-02-22-02:44:31.508-UTC 412.10 389.93 412.92 386.01 267.91 406.02 254.86 366.97
2023-02-22-02:44:31.675-UTC 382.31 410.97 375.71 393.26 408.38 397.94 383.63 400.24
2023-02-22-02:44:31.841-UTC 334.01 349.36 356.18 301.95 321.15 333.20 325.19 363.06
2023-02-22-02:44:32.009-UTC 384.95 414.16 386.85 366.42 369.87 354.80 383.90 430.78
2023-02-22-02:44:32.193-UTC 392.16 409.04 396.15 443.00 368.89 353.30 387.72 434.09
2023-02-22-02:44:32.395-UTC 439.51 396.15 417.56 408.81 407.26 420.14 388.12 421.58
2023-02-22-02:44:32.579-UTC 126.66 390.67 384.22 104.78 351.79 346.07 418.43 390.58
2023-02-22-02:44:33.095-UTC 379.60 404.51 414.86 411.51 436.63 374.54 386.26 382.31
2023-02-22-02:44:33.277-UTC 404.33 193.96 254.33 393.59 442.81 430.50 196.08 193.97
2023-02-22-02:44:33.438-UTC 321.63 193.24 178.58 406.59 398.85 284.17 414.43 187.21
2023-02-22-02:44:33.609-UTC 373.85 416.85 401.47 385.61 404.34 390.12 375.39 380.79
2023-02-22-02:44:33.776-UTC 324.67 407.36 367.87 369.06 374.02 331.34 377.50 380.86
2023-02-22-02:44:33.974-UTC 372.66 392.22 402.98 369.78 368.89 354.80 367.07 364.25
2023-02-22-02:44:34.158-UTC 368.70 414.16 398.44 374.27 369.48 346.98 366.15 424.89
2023-02-22-02:44:34.320-UTC 385.35 413.56 418.43 400.37 411.14 394.47 422.80 388.46
2023-02-22-02:44:34.482-UTC 380.47 383.62 420.86 373.61 402.88 389.93 360.14 404.06
2023-02-22-02:44:34.645-UTC 376.29 384.81 383.23 359.49 365.27 417.71 362.14 375.44
2023-02-22-02:44:34.811-UTC 388.85 396.57 379.93 356.79 356.59 402.14 391.67 382.98
2023-02-22-02:44:34.974-UTC 387.65 336.00 418.32 157.67 157.34 350.87 186.41 399.42
2023-02-22-02:44:35.150-UTC 383.11 399.26 397.66 416.16 422.36 396.75 397.66 424.56
2023-02-22-02:44:35.314-UTC 364.79 423.15 371.71 378.22 327.79 416.52 320.63 369.95
2023-02-22-02:44:35.495-UTC 373.85 411.73 391.93 398.68 373.10 393.82 387.13 352.79
2023-02-22-02:44:35.659-UTC 374.18 355.67 392.86 388.12 384.81 391.44 375.78 419.14
2023-02-22-02:44:35.841-UTC 391.69 422.12 414.21 406.00 401.54 402.56 401.61 405.85
2023-02-22-02:44:36.004-UTC 395.19 363.82 408.21 403.99 402.56 390.71 397.99 409.16
2023-02-22-02:44:36.171-UTC 418.11 394.05 378.68 413.35 428.87 442.07 414.21 368.22
2023-02-22-02:44:36.348-UTC 412.37 383.02 378.09 354.67 348.86 440.24 370.96 369.68
2023-02-22-02:44:36.511-UTC 375.64 354.16 399.68 367.34 353.07 380.00 361.61 251.99
2023-02-22-02:44:36.670-UTC 385.02 417.71 403.99 419.83 408.12 377.90 380.80 381.19
2023-02-22-02:44:36.838-UTC 374.78 389.34 435.44 364.96 391.71 347.90 368.53 406.45
2023-02-22-02:44:37.010-UTC 371.14 373.10 385.93 381.12 425.53 416.85 362.46 419.74
2023-02-22-02:44:37.187-UTC 395.19 382.43 377.23 380.53 422.57 433.93 368.47 387.22
2023-02-22-02:44:37.364-UTC 447.82 374.02 414.43 196.37 247.07 414.75 196.09 425.04
2023-02-22-02:44:37.533-UTC 408.46 394.14 393.96 389.55 398.94 382.95 390.15 387.87
2023-02-22-02:44:37.705-UTC 403.64 413.56 436.35 389.23 361.71 352.70 397.39 382.91
2023-02-22-02:44:37.873-UTC 394.27 408.44 433.33 363.33 424.94 349.09 400.10 378.68
2023-02-22-02:44:38.046-UTC 358.45 406.02 290.18 361.61 415.93 421.65 374.00 354.26
2023-02-22-02:44:38.208-UTC 99.72 107.55 105.17 101.96 102.07 101.64 107.72 99.72
2023-02-22-02:44:38.383-UTC 379.01 394.14 415.61 385.74 404.76 387.75 378.68 397.21
2023-02-22-02:44:38.561-UTC 376.17 108.56 420.53 447.15 442.67 420.46 461.63 388.34
2023-02-22-02:44:38.901-UTC 397.58 378.10 393.45 380.80 370.40 427.63 397.99 389.85
2023-02-22-02:44:39.078-UTC 191.65 417.71 378.22 389.23 390.26 201.67 385.34 291.42
2023-02-22-02:44:39.239-UTC 177.01 371.38 199.98 422.21 440.24 232.38 438.14 410.68
2023-02-22-02:44:39.405-UTC 406.95 397.34 408.97 430.49 390.26 393.40 417.83 403.47
2023-02-22-02:44:39.568-UTC 339.42 405.74 439.65 407.02 431.57 361.99 397.39 376.95
2023-02-22-02:44:39.745-UTC 367.50 377.31 373.28 393.45 421.17 394.91 375.78 384.43
2023-02-22-02:44:39.908-UTC 371.73 372.23 372.10 403.99 363.82 390.44 382.04 406.77
2023-02-22-02:44:40.072-UTC 408.63 424.94 394.05 407.02 410.65 432.57 423.57 407.04
2023-02-22-02:44:40.234-UTC 419.30 400.36 397.39 406.10 352.42 347.26 384.15 388.93
2023-02-22-02:44:40.399-UTC 409.06 412.32 412.32 394.46 414.86 378.82 379.68 367.56
2023-02-22-02:44:40.578-UTC 367.83 404.83 412.32 403.72 416.85 374.61 371.17 377.28
2023-02-22-02:44:40.745-UTC 376.89 380.53 380.80 293.20 392.36 336.79 287.77 410.08
2023-02-22-02:44:40.910-UTC 423.53 408.72 392.45 388.12 407.69 412.65 383.31 403.14
2023-02-22-02:44:41.076-UTC 361.49 392.22 384.74 423.13 433.67 383.81 442.35 422.01
2023-02-22-02:44:41.248-UTC 452.04 426.12 365.45 437.27 422.57 413.24 447.15 415.08
2023-02-22-02:44:41.433-UTC 453.11 426.12 365.45 437.87 397.43 420.46 452.89 347.04
2023-02-22-02:44:41.610-UTC 378.08 400.63 423.89 431.82 422.57 392.04 428.85 403.28
2023-02-22-02:44:41.773-UTC 391.37 369.21 406.10 329.09 410.97 398.85 336.60 346.47
2023-02-22-02:44:41.934-UTC 374.78 362.31 391.93 393.45 425.26 383.35 367.28 411.28
2023-02-22-02:44:42.101-UTC 438.32 364.68 388.56 385.93 416.26 375.80 417.99 416.76
2023-02-22-02:44:42.279-UTC 416.92 224.15 375.12 327.30 237.77 432.43 301.95 379.87
2023-02-22-02:44:42.440-UTC 383.11 405.85 412.75 430.81 398.17 381.44 370.58 403.56
2023-02-22-02:44:42.603-UTC 353.89 372.83 387.96 352.30 300.41 340.94 340.23 406.45
2023-02-22-02:44:42.772-UTC 406.95 377.31 432.47 390.15 359.61 355.40 389.23 393.48
2023-02-22-02:44:42.943-UTC 402.72 377.50 422.80 365.23 432.75 364.09 402.80 395.28
2023-02-22-02:44:43.112-UTC 363.27 414.32 402.06 372.15 389.52 306.73 385.34 423.85
2023-02-22-02:44:43.275-UTC 409.98 404.51 413.51 392.86 406.77 375.40 378.68 412.20
2023-02-22-02:44:43.435-UTC 369.02 379.34 378.42 410.81 350.27 389.25 410.48 410.41
2023-02-22-02:44:43.610-UTC 394.00 368.89 433.93 403.40 347.02 360.80 388.64 404.33
2023-02-22-02:44:43.784-UTC 396.38 397.34 430.36 397.39 347.94 357.77 388.04 225.31
2023-02-22-02:44:43.959-UTC 429.12 419.22 387.45 413.51 411.14 405.26 424.04 407.80
2023-02-22-02:44:44.122-UTC 415.72 403.05 400.28 411.83 375.53 390.71 412.42 367.29
2023-02-22-02:44:44.290-UTC 368.11 381.51 395.56 364.96 389.34 390.85 372.10 383.31
2023-02-22-02:44:44.456-UTC 369.62 374.93 397.66 428.85 421.92 391.44 374.47 418.54
2023-02-22-02:44:44.630-UTC 443.27 281.75 389.42 307.69 225.10 424.82 282.66 393.16
2023-02-22-02:44:44.799-UTC 377.37 383.94 399.09 376.58 412.92 400.63 381.12 399.65
2023-02-22-02:44:44.960-UTC 436.20 395.24 383.75 319.71 349.13 431.97 336.60 399.24
2023-02-22-02:44:45.138-UTC 379.28 419.55 372.10 378.42 385.45 429.14 372.10 378.40
2023-02-22-02:44:45.305-UTC 370.76 370.40 397.07 384.15 394.14 391.71 369.45 374.45
2023-02-22-02:44:45.477-UTC 424.77 427.19 415.61 426.59 399.71 396.57 388.44 420.82
2023-02-22-02:44:45.645-UTC 381.00 378.82 400.37 383.82 389.02 307.65 380.21 393.30
2023-02-22-02:44:45.808-UTC 376.29 372.11 367.87 363.12 433.35 412.92 386.85 383.90
2023-02-22-02:44:45.979-UTC 387.06 374.02 371.17 394.37 366.78 419.82 389.55 408.57
2023-02-22-02:44:46.153-UTC 386.54 358.37 140.86 399.77 383.02 116.08 403.99 212.24
2023-02-22-02:44:46.309-UTC 102.49 106.36 105.17 103.48 101.96 103.16 108.91 99.22
2023-02-22-02:44:46.491-UTC 100.87 104.67 105.17 102.56 101.32 101.64 106.52 98.62
2023-02-22-02:44:46.643-UTC 99.72 104.35 104.89 100.33 99.53 101.05 105.00 97.70
2023-02-22-02:44:46.795-UTC 99.45 104.08 103.97 100.06 99.20 100.72 104.68 97.43
2023-02-22-02:44:46.939-UTC 99.02 103.43 103.64 99.41 98.61 100.45 104.40 96.82
2023-02-22-02:44:47.082-UTC 98.25 103.16 103.37 99.41 97.74 99.86 103.75 96.50
2023-02-22-02:44:47.251-UTC 97.60 102.83 103.37 99.14 97.42 99.86 103.75 96.50
2023-02-22-02:44:47.394-UTC 97.92 102.57 103.05 98.81 97.09 99.53 103.48 96.23
2023-02-22-02:44:47.534-UTC 97.23 102.57 102.78 98.65 97.74 99.53 103.15 95.89
2023-02-22-02:44:47.706-UTC 97.33 101.64 102.78 98.65 97.09 99.20 103.15 95.30
2023-02-22-02:44:47.851-UTC 96.99 101.32 102.45 98.21 96.82 99.20 102.88 94.97
2023-02-22-02:44:47.998-UTC 79.13 101.32 102.18 96.79 96.49 98.93 102.88 94.97
2023-02-22-02:44:48.140-UTC 78.54 101.05 102.18 97.40 96.49 98.93 102.56 94.70
2023-02-22-02:44:48.284-UTC 78.20 101.05 102.18 97.12 96.49 98.93 102.56 94.70
2023-02-22-02:44:48.426-UTC 78.20 100.72 102.18 97.03 96.22 98.61 102.56 94.37
2023-02-22-02:44:48.567-UTC 78.20 100.72 101.85 96.69 96.82 98.61 102.56 94.37
2023-02-22-02:44:48.708-UTC 78.20 100.72 101.85 96.79 96.22 98.61 102.28 94.37
2023-02-22-02:44:48.850-UTC 78.12 100.45 101.85 96.79 96.82 98.61 102.28 94.37
2023-02-22-02:44:48.998-UTC 77.93 100.45 101.53 96.79 96.82 98.61 101.96 94.10
2023-02-22-02:44:49.142-UTC 77.93 100.45 101.53 96.52 95.90 98.34 101.96 94.10
2023-02-22-02:44:49.285-UTC 77.93 100.12 101.85 96.52 95.90 98.34 101.96 94.10
2023-02-22-02:44:49.464-UTC 77.93 100.12 101.53 96.42 95.63 97.42 101.63 93.77
2023-02-22-02:44:49.610-UTC 77.61 100.12 101.26 96.42 95.63 97.42 101.63 93.77
2023-02-22-02:44:49.753-UTC 77.61 100.12 101.26 96.20 95.63 97.42 101.63 93.77
2023-02-22-02:44:49.895-UTC 77.61 99.86 101.26 96.10 95.63 97.42 101.63 93.77
2023-02-22-02:44:50.047-UTC 77.61 99.86 100.93 96.20 95.30 97.09 101.63 93.77
2023-02-22-02:44:50.192-UTC 77.61 99.86 100.93 96.20 95.30 97.09 101.63 93.77
2023-02-22-02:44:50.346-UTC 77.61 99.86 100.93 96.20 95.30 97.09 101.36 93.77
2023-02-22-02:44:50.493-UTC 77.61 99.53 100.93 95.93 95.30 97.09 101.36 93.50
2023-02-22-02:44:50.636-UTC 77.61 99.53 100.93 95.93 95.30 97.09 101.36 93.50
2023-02-22-02:44:50.779-UTC 77.28 99.53 100.93 95.83 95.30 97.09 101.36 93.50
2023-02-22-02:44:50.920-UTC 77.28 99.53 100.66 95.93 94.98 96.82 101.03 93.50
2023-02-22-02:44:51.062-UTC 77.28 99.20 100.66 95.93 95.07 96.82 101.03 93.17
2023-02-22-02:44:51.208-UTC 77.28 99.20 100.66 95.83 94.98 96.82 101.03 93.17
2023-02-22-02:44:51.351-UTC 77.28 99.20 100.66 95.50 94.98 96.82 101.03 93.17
2023-02-22-02:44:51.504-UTC 77.28 99.20 100.33 95.60 94.98 96.82 100.76 93.50
2023-02-22-02:44:51.709-UTC 77.28 98.93 100.33 95.60 94.71 96.49 100.76 93.17
2023-02-22-02:44:51.850-UTC 78.54 98.93 100.06 95.27 94.98 96.49 100.76 92.25
2023-02-22-02:44:52.025-UTC 77.01 98.93 99.41 96.52 94.98 96.49 101.96 92.25
2023-02-22-02:44:52.170-UTC 77.01 98.61 99.41 95.27 94.81 96.49 100.44 91.97
2023-02-22-02:44:52.314-UTC 77.01 98.61 99.14 95.27 94.38 96.49 100.44 91.97
2023-02-22-02:44:52.459-UTC 77.01 98.93 99.14 95.27 95.30 96.49 100.44 91.97
2023-02-22-02:44:52.602-UTC 77.01 98.61 99.14 95.27 94.38 96.22 100.44 91.97
2023-02-22-02:44:52.772-UTC 97.60 101.32 94.90 80.76 94.38 96.22 103.15 74.37
2023-02-22-02:44:53.474-UTC 97.60 101.05 85.51 97.40 96.82 98.61 102.88 73.76
2023-02-22-02:44:55.089-UTC 94.17 98.01 101.26 97.29 96.82 98.61 102.56 73.76
2023-02-22-02:44:55.469-UTC 94.27 97.74 101.26 97.29 96.49 95.63 98.65 94.70
2023-02-22-02:44:56.543-UTC 94.27 97.74 101.26 97.40 96.49 95.30 98.65 94.10
2023-02-22-02:44:56.682-UTC 94.27 97.74 100.93 94.41 96.49 95.30 98.65 94.10
2023-02-22-02:44:56.820-UTC 87.90 97.74 101.26 94.41 93.51 95.30 98.65 94.10
2023-02-22-02:44:56.962-UTC 67.59 97.74 98.21 94.41 93.78 95.30 98.65 94.10
2023-02-22-02:44:57.107-UTC 67.59 68.43 98.21 94.41 93.51 95.30 98.65 94.10
2023-02-22-02:44:57.252-UTC 67.31 67.83 98.21 94.41 93.51 95.30 98.65 93.77
2023-02-22-02:44:57.398-UTC 67.31 67.56 97.94 94.41 93.61 95.30 69.57 93.77
2023-02-22-02:44:57.549-UTC 67.31 67.56 97.94 94.08 93.51 68.16 69.29 93.77
2023-02-22-02:44:57.702-UTC 66.99 67.56 97.94 94.08 93.61 67.83 69.29 91.05
2023-02-22-02:44:57.850-UTC 66.99 67.24 97.94 94.08 93.61 67.56 69.29 91.05
2023-02-22-02:44:58.001-UTC 66.99 67.24 97.94 94.08 93.61 67.56 68.97 91.05
2023-02-22-02:44:58.159-UTC 66.99 67.24 97.94 94.08 93.51 67.83 68.97 91.05
2023-02-22-02:44:58.307-UTC 66.99 67.24 97.94 72.28 93.61 67.56 68.65 90.72
2023-02-22-02:44:58.457-UTC 66.99 67.24 97.94 65.65 93.61 67.24 68.97 90.72
2023-02-22-02:44:58.607-UTC 66.99 67.24 97.94 65.65 66.12 67.24 68.65 90.72
2023-02-22-02:44:58.758-UTC 66.99 67.24 90.67 65.65 66.12 67.24 68.65 91.05
2023-02-22-02:44:58.910-UTC 66.99 66.96 68.90 65.33 65.79 67.24 68.65 90.72
2023-02-22-02:44:59.067-UTC 66.99 66.96 68.57 65.33 65.79 67.24 68.65 90.72
2023-02-22-02:44:59.223-UTC 66.99 66.96 68.57 65.06 65.51 67.24 68.65 90.72
2023-02-22-02:44:59.379-UTC 66.99 66.96 68.30 65.06 65.51 67.24 68.65 90.72
2023-02-22-02:44:59.537-UTC 66.99 66.96 68.30 64.73 65.79 67.24 68.65 64.65
2023-02-22-02:44:59.694-UTC 66.99 66.96 67.97 64.73 65.79 67.24 68.65 64.00
2023-02-22-02:44:59.867-UTC 66.71 66.96 68.30 64.73 65.51 67.24 68.65 64.00
2023-02-22-02:45:00.029-UTC 66.71 66.96 67.97 64.73 65.51 67.24 68.65 64.00
2023-02-22-02:45:00.188-UTC 66.99 66.96 67.97 64.73 65.51 67.24 68.37 64.00
2023-02-22-02:45:00.347-UTC 66.71 66.96 67.97 64.73 65.51 66.96 68.37 63.73
2023-02-22-02:45:00.507-UTC 66.71 66.96 67.97 64.73 65.51 67.24 68.37 63.73
2023-02-22-02:45:00.667-UTC 66.71 66.96 67.97 64.73 65.51 66.96 68.37 63.73
2023-02-22-02:45:00.827-UTC 66.99 66.96 67.97 64.73 65.51 66.96 68.37 63.73
2023-02-22-02:45:00.985-UTC 66.71 66.96 67.97 64.73 65.51 66.96 68.37 63.73
2023-02-22-02:45:01.143-UTC 66.71 66.96 67.97 64.73 65.51 66.96 68.37 63.73
2023-02-22-02:45:01.304-UTC 66.71 66.64 67.97 64.73 65.51 66.96 68.37 63.41
2023-02-22-02:45:01.460-UTC 66.71 66.64 68.30 64.73 65.51 66.96 68.37 63.73
2023-02-22-02:45:01.620-UTC 66.71 66.64 68.30 64.73 65.51 66.96 68.37 63.73
2023-02-22-02:45:01.778-UTC 66.71 66.64 68.30 64.73 65.51 66.96 68.37 63.41
2023-02-22-02:45:01.940-UTC 66.71 66.64 67.97 64.45 65.51 66.96 68.37 63.73
2023-02-22-02:45:02.097-UTC 66.71 66.64 67.97 64.45 65.51 66.96 68.37 63.41
2023-02-22-02:45:02.255-UTC 66.71 66.64 67.97 64.45 65.51 66.96 68.37 63.41
2023-02-22-02:45:02.413-UTC 66.71 66.64 67.97 64.45 65.51 66.96 68.37 63.41
2023-02-22-02:45:02.573-UTC 66.71 66.64 67.97 64.45 65.51 66.96 68.37 63.41
2023-02-22-02:45:02.731-UTC 66.71 66.64 67.97 64.45 65.19 66.96 68.04 63.41
2023-02-22-02:45:02.887-UTC 66.71 66.37 67.97 64.45 65.19 66.96 68.04 63.41
2023-02-22-02:45:03.043-UTC 66.71 66.64 67.97 64.45 65.19 66.96 68.04 63.41
2023-02-22-02:45:03.203-UTC 66.71 66.64 67.97 64.45 65.19 66.96 68.04 63.41
2023-02-22-02:45:03.360-UTC 66.71 66.64 67.97 64.45 65.19 66.96 68.04 63.41
2023-02-22-02:45:03.521-UTC 66.71 66.37 67.97 64.45 65.19 66.64 68.04 63.41
2023-02-22-02:45:03.678-UTC 66.71 66.37 67.97 64.45 65.19 66.64 68.04 63.41
2023-02-22-02:45:03.834-UTC 66.71 66.37 67.97 64.45 65.19 66.64 68.04 63.41
2023-02-22-02:45:03.995-UTC 66.71 66.37 67.97 64.45 65.19 66.64 68.04 63.41
2023-02-22-02:45:04.154-UTC 66.71 66.37 67.97 64.45 65.19 66.64 68.04 63.41
2023-02-22-02:45:04.311-UTC 66.39 66.37 67.97 64.45 65.19 66.64 68.04 63.41
2023-02-22-02:45:04.472-UTC 66.39 66.37 67.70 64.45 65.19 66.64 68.04 63.41
2023-02-22-02:45:04.633-UTC 66.71 66.37 67.70 64.45 65.19 66.64 68.04 63.41
2023-02-22-02:45:04.798-UTC 66.71 66.96 67.70 64.45 65.19 66.64 68.04 63.41
2023-02-22-02:45:04.956-UTC 66.71 66.64 67.70 64.45 65.19 66.64 68.04 63.41
2023-02-22-02:45:05.116-UTC 66.71 66.64 67.70 64.45 65.19 66.64 67.77 63.41
2023-02-22-02:45:05.273-UTC 66.71 66.64 67.70 64.45 65.19 66.64 68.04 63.41
2023-02-22-02:45:05.433-UTC 66.71 66.64 67.70 64.13 65.19 66.64 68.04 63.13
2023-02-22-02:45:05.593-UTC 66.71 66.64 67.70 64.45 65.19 66.64 67.77 63.13
2023-02-22-02:45:05.757-UTC 66.71 66.37 67.70 64.45 65.19 66.64 67.77 63.13
2023-02-22-02:45:05.914-UTC 66.71 66.64 67.70 64.45 65.19 66.64 67.77 63.13
2023-02-22-02:45:06.071-UTC 66.71 66.64 67.70 64.13 64.92 66.64 67.77 63.13
2023-02-22-02:45:06.231-UTC 66.71 66.37 67.70 64.13 64.92 66.64 68.04 63.13
2023-02-22-02:45:06.387-UTC 66.71 66.37 67.70 64.13 64.92 66.64 68.04 63.13
2023-02-22-02:45:06.545-UTC 66.71 66.37 67.70 64.13 64.92 66.64 68.04 63.13
2023-02-22-02:45:06.705-UTC 66.71 66.37 67.70 64.13 64.92 66.64 68.04 63.13
2023-02-22-02:45:06.862-UTC 66.71 66.37 67.70 64.13 64.92 66.64 68.04 63.13
2023-02-22-02:45:07.020-UTC 66.71 66.37 67.70 64.13 64.92 66.64 68.04 63.13
2023-02-22-02:45:07.180-UTC 66.71 66.37 67.38 64.13 64.92 66.37 68.04 63.13
2023-02-22-02:45:07.340-UTC 66.71 66.37 67.38 64.13 64.92 66.37 68.04 63.13
2023-02-22-02:45:07.501-UTC 66.71 66.37 67.38 64.13 64.92 66.37 68.04 63.13
2023-02-22-02:45:07.661-UTC 66.71 66.37 67.70 64.13 64.92 66.37 68.04 63.13
2023-02-22-02:45:07.822-UTC 66.71 66.37 67.38 64.13 64.92 66.37 68.04 63.13
2023-02-22-02:45:07.985-UTC 66.71 66.37 67.38 64.13 64.92 66.37 68.04 63.13
2023-02-22-02:45:08.147-UTC 66.71 66.37 67.38 64.13 64.92 66.37 68.04 63.13
2023-02-22-02:45:08.306-UTC 66.71 66.37 67.38 64.13 64.92 66.37 68.04 63.13
2023-02-22-02:45:08.467-UTC 66.71 66.37 67.38 64.13 64.92 66.37 68.04 63.13
2023-02-22-02:45:08.628-UTC 66.39 66.37 67.38 64.13 64.92 66.37 67.77 63.13
2023-02-22-02:45:08.810-UTC 66.71 66.37 67.38 64.13 64.92 66.37 67.77 63.13
2023-02-22-02:45:08.970-UTC 66.39 66.37 67.38 64.13 64.92 66.37 67.77 63.13
2023-02-22-02:45:09.133-UTC 66.39 66.05 67.38 64.13 64.92 66.37 67.77 63.13
2023-02-22-02:45:09.294-UTC 66.39 66.05 67.38 64.13 64.92 66.37 67.77 63.13
2023-02-22-02:45:09.462-UTC 66.71 66.05 67.38 64.13 64.92 66.37 67.77 63.13
2023-02-22-02:45:09.628-UTC 66.39 66.05 67.38 63.81 64.92 66.37 67.77 63.41
2023-02-22-02:45:09.786-UTC 66.39 66.05 67.38 64.13 64.60 66.37 67.77 63.13
2023-02-22-02:45:09.945-UTC 66.39 66.05 67.38 64.13 64.60 66.37 67.77 63.13
2023-02-22-02:45:10.104-UTC 66.39 66.05 67.38 63.81 64.92 66.37 67.77 63.41
2023-02-22-02:45:10.261-UTC 66.39 66.05 67.38 63.81 64.60 66.37 67.77 63.13
2023-02-22-02:45:10.419-UTC 66.39 66.05 67.10 63.81 64.60 66.37 67.77 63.41
2023-02-22-02:45:10.574-UTC 66.39 66.05 67.10 63.81 64.60 66.37 67.77 63.13
2023-02-22-02:45:10.731-UTC 66.39 66.05 67.38 63.81 64.60 66.37 67.77 63.13
2023-02-22-02:45:10.888-UTC 66.39 66.05 67.10 63.81 64.60 66.37 67.77 63.13
2023-02-22-02:45:11.050-UTC 66.39 66.05 67.10 63.81 64.60 66.37 67.77 63.13
2023-02-22-02:45:11.208-UTC 66.39 66.05 67.38 63.81 64.60 66.37 67.77 63.13
2023-02-22-02:45:11.368-UTC 66.39 66.05 67.10 63.81 64.60 66.05 67.77 63.13
2023-02-22-02:45:11.527-UTC 66.39 66.05 67.10 63.81 64.60 66.05 67.77 63.13
2023-02-22-02:45:11.688-UTC 66.39 66.05 67.10 63.81 64.60 66.05 67.45 63.13
2023-02-22-02:45:11.846-UTC 66.39 66.05 67.10 63.81 64.60 66.05 67.45 63.13
2023-02-22-02:45:12.001-UTC 66.39 66.05 67.10 63.81 64.60 66.05 67.45 63.13
2023-02-22-02:45:12.161-UTC 66.39 66.05 67.10 63.81 64.60 66.05 67.45 63.13
2023-02-22-02:45:12.317-UTC 66.39 66.05 67.10 63.81 64.60 66.05 67.45 63.13
2023-02-22-02:45:12.476-UTC 66.39 65.72 67.10 63.81 64.60 66.05 67.45 63.13
2023-02-22-02:45:12.632-UTC 66.39 65.72 67.10 63.81 64.60 66.05 67.45 63.13
2023-02-22-02:45:12.791-UTC 66.39 65.72 67.10 63.81 64.60 66.05 67.45 63.13
2023-02-22-02:45:12.953-UTC 66.39 65.72 67.10 63.81 64.60 66.05 67.45 63.13
2023-02-22-02:45:13.110-UTC 66.39 65.72 67.10 63.81 64.60 66.12 67.45 63.13
2023-02-22-02:45:13.274-UTC 66.39 65.72 67.10 63.81 64.60 66.05 67.45 63.13
2023-02-22-02:45:13.435-UTC 66.39 65.72 67.10 63.81 64.60 66.05 67.45 63.13
2023-02-22-02:45:13.592-UTC 66.39 65.72 67.10 63.81 64.60 66.05 67.45 63.13
2023-02-22-02:45:13.753-UTC 66.39 65.72 67.10 63.81 64.60 66.05 67.45 63.13
2023-02-22-02:45:13.909-UTC 66.39 65.72 67.10 63.81 64.60 66.05 67.45 63.13
2023-02-22-02:45:14.068-UTC 66.39 65.72 67.10 63.81 64.60 66.05 67.45 63.13
2023-02-22-02:45:14.229-UTC 66.39 65.72 67.10 63.81 64.60 66.05 67.45 63.13
2023-02-22-02:45:14.385-UTC 66.39 65.72 67.10 63.81 64.60 66.05 67.45 63.13
2023-02-22-02:45:14.544-UTC 66.39 65.72 66.78 63.81 64.60 66.05 67.45 63.13
2023-02-22-02:45:14.703-UTC 66.39 65.72 67.10 63.54 64.60 66.05 67.45 63.13
2023-02-22-02:45:14.862-UTC 66.39 65.72 66.78 63.54 64.32 66.05 67.45 63.13
2023-02-22-02:45:15.021-UTC 66.39 65.72 66.78 63.81 64.32 66.05 67.45 63.13
2023-02-22-02:45:15.180-UTC 66.39 65.72 66.78 63.81 64.60 66.05 67.45 63.19
2023-02-22-02:45:15.337-UTC 66.07 65.72 66.78 63.54 64.32 66.05 67.45 63.13
2023-02-22-02:45:15.495-UTC 66.07 65.72 67.10 63.81 64.32 66.05 67.45 63.13
2023-02-22-02:45:15.657-UTC 66.39 65.72 66.78 63.81 64.60 66.05 67.45 63.13
2023-02-22-02:45:15.817-UTC 66.07 65.72 66.78 63.81 64.32 66.05 67.17 63.13
2023-02-22-02:45:15.973-UTC 66.07 65.72 66.78 63.54 64.32 66.05 67.17 63.13
2023-02-22-02:45:16.131-UTC 66.39 65.45 66.78 63.81 64.32 65.72 67.17 63.13
2023-02-22-02:45:16.292-UTC 66.07 65.72 66.78 63.54 64.32 65.72 67.17 63.13
2023-02-22-02:45:16.450-UTC 66.07 65.45 66.78 63.54 64.32 65.72 67.17 63.13
2023-02-22-02:45:16.608-UTC 66.07 65.45 66.78 63.54 64.32 65.72 67.17 63.13
2023-02-22-02:45:16.768-UTC 66.07 65.45 66.78 63.54 64.32 65.72 67.17 63.13
2023-02-22-02:45:16.927-UTC 66.07 65.45 66.78 63.54 64.32 65.72 67.17 63.13
2023-02-22-02:45:17.084-UTC 66.07 65.45 66.78 63.54 64.32 65.72 67.17 63.13
2023-02-22-02:45:17.248-UTC 66.07 65.45 66.78 63.54 64.32 65.72 67.17 62.80
2023-02-22-02:45:17.405-UTC 66.07 65.45 66.78 63.54 64.32 65.72 67.17 62.80
2023-02-22-02:45:17.561-UTC 66.07 65.45 66.78 63.54 64.32 65.72 67.17 62.80
2023-02-22-02:45:17.720-UTC 66.07 65.45 66.78 63.54 64.32 65.72 67.17 62.80
2023-02-22-02:45:17.879-UTC 66.07 65.45 66.78 63.54 64.32 65.72 67.17 62.80
2023-02-22-02:45:18.040-UTC 66.07 65.45 66.78 63.54 64.32 65.72 67.17 62.80
2023-02-22-02:45:18.205-UTC 66.07 65.45 66.78 63.54 64.32 65.72 67.17 62.80
2023-02-22-02:45:18.362-UTC 66.07 65.45 66.78 63.54 64.32 65.72 67.17 62.80
2023-02-22-02:45:18.523-UTC 66.07 65.45 66.78 63.54 64.32 65.72 67.17 62.80
2023-02-22-02:45:18.684-UTC 66.07 65.45 66.78 63.54 64.32 65.72 67.17 62.80
2023-02-22-02:45:18.844-UTC 66.07 65.45 66.78 63.54 64.32 65.72 67.17 62.80
2023-02-22-02:45:19.016-UTC 66.07 65.45 66.78 63.54 64.32 65.72 67.17 62.80
2023-02-22-02:45:19.215-UTC 66.07 65.45 66.78 63.54 64.32 65.72 67.17 62.80
2023-02-22-02:45:19.413-UTC 66.07 65.45 66.51 63.54 64.32 65.72 67.17 62.80
2023-02-22-02:45:19.609-UTC 66.07 65.45 66.51 63.54 64.32 65.72 67.17 62.80
2023-02-22-02:45:19.803-UTC 66.07 65.45 66.78 63.54 64.32 65.72 67.17 62.80
2023-02-22-02:45:20.000-UTC 66.07 65.12 66.51 68.04 70.35 65.45 66.85 67.99
2023-02-22-02:45:21.804-UTC 66.07 65.45 66.51 68.04 70.02 65.72 66.85 67.99
2023-02-22-02:45:21.963-UTC 66.07 65.12 66.51 68.04 70.35 66.05 66.85 67.99
2023-02-22-02:45:22.118-UTC 66.07 65.12 66.51 68.04 70.35 65.72 66.85 67.99
2023-02-22-02:45:22.272-UTC 66.07 65.12 66.51 68.04 70.35 65.72 66.85 67.99
2023-02-22-02:45:22.425-UTC 66.07 65.12 66.51 68.04 70.35 65.45 66.85 67.99
2023-02-22-02:45:22.580-UTC 66.07 65.12 66.51 68.04 70.35 65.45 66.85 67.99
2023-02-22-02:45:22.734-UTC 66.07 65.45 66.51 63.21 70.35 65.45 66.85 67.99
2023-02-22-02:45:22.889-UTC 66.07 65.12 66.51 63.54 70.35 65.72 66.85 67.99
2023-02-22-02:45:23.050-UTC 66.07 65.12 66.51 63.21 64.00 65.45 66.85 67.99
2023-02-22-02:45:23.213-UTC 66.07 65.12 66.51 63.21 64.00 65.45 66.85 67.99
2023-02-22-02:45:23.372-UTC 66.07 65.12 66.51 63.21 64.00 65.45 66.85 67.99
2023-02-22-02:45:23.533-UTC 66.07 65.12 66.51 63.21 64.00 65.45 66.85 62.80
2023-02-22-02:45:23.693-UTC 66.07 65.12 66.51 63.21 64.00 65.45 66.85 62.80
2023-02-22-02:45:23.851-UTC 66.07 65.12 66.51 63.21 64.00 65.45 66.85 62.80
2023-02-22-02:45:24.017-UTC 66.07 65.12 66.51 63.21 64.00 65.45 66.85 62.80
2023-02-22-02:45:24.177-UTC 66.07 65.12 66.51 63.21 64.00 65.45 66.85 62.87
2023-02-22-02:45:24.334-UTC 66.07 65.12 66.51 63.21 64.00 65.45 66.85 62.80
2023-02-22-02:45:24.491-UTC 66.07 65.12 66.51 63.21 64.00 65.45 66.85 62.80
2023-02-22-02:45:24.647-UTC 65.79 64.85 66.51 63.21 64.00 65.45 66.85 62.80
2023-02-22-02:45:24.805-UTC 66.07 65.12 66.18 63.21 64.00 65.45 66.85 62.80
2023-02-22-02:45:24.963-UTC 65.79 65.12 66.18 63.21 64.00 65.45 66.58 62.80
2023-02-22-02:45:25.124-UTC 65.79 65.12 66.51 63.21 64.00 65.45 66.85 62.80
2023-02-22-02:45:25.284-UTC 65.79 65.12 66.51 63.21 64.00 65.45 66.58 62.80
2023-02-22-02:45:25.442-UTC 65.79 65.12 66.18 63.21 64.00 65.45 66.58 62.80
2023-02-22-02:45:25.601-UTC 65.79 64.85 66.51 63.21 64.00 65.45 66.58 62.80
2023-02-22-02:45:25.762-UTC 65.79 64.85 66.51 63.21 64.00 65.45 66.58 62.80
2023-02-22-02:45:25.923-UTC 66.07 65.12 66.51 63.21 64.00 65.45 66.58 62.80
2023-02-22-02:45:26.083-UTC 65.79 65.12 66.18 63.21 64.00 65.45 66.85 62.80
2023-02-22-02:45:26.243-UTC 65.79 64.85 66.18 63.21 64.00 65.45 66.58 62.80
2023-02-22-02:45:26.400-UTC 65.79 65.12 66.18 63.21 64.00 65.45 66.58 62.80
2023-02-22-02:45:26.559-UTC 65.79 64.85 66.18 63.21 64.00 65.45 66.58 62.80
2023-02-22-02:45:26.715-UTC 65.79 64.85 66.18 63.21 64.00 65.45 66.58 62.80
2023-02-22-02:45:26.874-UTC 65.79 64.85 66.18 63.21 64.00 65.45 66.58 62.80
2023-02-22-02:45:27.047-UTC 65.79 64.85 66.18 63.21 64.32 65.45 66.58 62.80
2023-02-22-02:45:27.205-UTC 65.79 64.85 66.18 63.21 64.32 65.45 66.58 62.80
2023-02-22-02:45:27.363-UTC 65.79 65.12 66.18 63.21 64.32 65.45 66.58 62.80
2023-02-22-02:45:27.519-UTC 65.79 64.85 66.18 63.21 64.32 65.45 66.58 62.80
2023-02-22-02:45:27.677-UTC 65.79 64.85 66.18 63.21 64.32 65.45 66.58 62.80
2023-02-22-02:45:27.836-UTC 65.79 64.85 66.18 63.21 64.32 65.45 66.58 62.53
2023-02-22-02:45:27.996-UTC 65.79 64.85 66.18 63.21 64.32 65.45 66.58 62.80
2023-02-22-02:45:28.158-UTC 65.79 64.85 66.18 63.21 64.32 65.45 66.58 62.53
2023-02-22-02:45:28.319-UTC 65.79 64.85 66.18 63.21 64.32 65.45 66.58 62.53
2023-02-22-02:45:28.478-UTC 65.79 64.85 66.18 63.21 64.32 65.45 66.58 62.53
2023-02-22-02:45:28.637-UTC 65.79 65.12 66.18 63.21 64.32 65.45 66.58 62.53
2023-02-22-02:45:28.801-UTC 65.79 64.85 66.51 63.21 64.32 65.12 66.58 62.53
2023-02-22-02:45:28.959-UTC 65.79 64.85 66.51 63.21 64.32 65.45 66.58 62.53
2023-02-22-02:45:29.121-UTC 65.79 64.85 66.51 63.21 64.32 65.45 66.58 62.80
2023-02-22-02:45:29.283-UTC 65.79 64.85 66.51 63.21 64.32 65.12 66.58 62.53
2023-02-22-02:45:29.442-UTC 65.79 64.85 66.51 62.93 64.32 65.45 66.58 62.53
2023-02-22-02:45:29.605-UTC 65.79 64.85 66.51 63.21 64.32 65.12 66.58 62.53
2023-02-22-02:45:29.766-UTC 65.79 64.85 66.51 63.21 64.32 65.45 66.58 62.53
2023-02-22-02:45:29.935-UTC 65.79 65.45 66.51 63.21 64.32 65.12 66.58 62.53
2023-02-22-02:45:30.091-UTC 65.79 65.12 66.51 62.93 64.32 65.45 66.58 62.53
2023-02-22-02:45:30.249-UTC 65.79 65.12 66.51 63.21 64.32 65.12 66.58 62.80
2023-02-22-02:45:30.410-UTC 65.79 65.12 66.51 63.21 64.00 65.12 66.58 62.53
